2.000000 2.125000 2.250000 2.375000 2.500000
-57492.000000 -53888.000000 -49904.000000 -46338.000000 -43686.000000
-57492.000000 -53882.000000 -49904.000000 -46338.000000 -43698.000000
-57488.000000 -53882.000000 -49904.000000 -46350.000000 -43690.000000
-57484.000000 -53886.000000 -49904.000000 -46358.000000 -43694.000000
-57500.000000 -53882.000000 -49932.000000 -46368.000000 -43694.000000
-57500.000000 -53882.000000 -49928.000000 -46360.000000 -43686.000000
-57500.000000 -53886.000000 -49926.000000 -46360.000000 -43690.000000
-57492.000000 -53882.000000 -49936.000000 -46356.000000 -43686.000000
-57480.000000 -53894.000000 -49936.000000 -46360.000000 -43690.000000
-57480.000000 -53894.000000 -49936.000000 -46356.000000 -43680.000000
-57476.000000 -53890.000000 -49940.000000 -46360.000000 -43676.000000
-57462.000000 -53890.000000 -49940.000000 -46360.000000 -43672.000000
-57462.000000 -53890.000000 -49948.000000 -46368.000000 -43676.000000
-57462.000000 -53888.000000 -49954.000000 -46368.000000 -43680.000000
-57458.000000 -53898.000000 -49952.000000 -46372.000000 -43692.000000
-57458.000000 -53892.000000 -49948.000000 -46372.000000 -43680.000000
-57462.000000 -53900.000000 -49952.000000 -46364.000000 -43688.000000
-57462.000000 -53904.000000 -49960.000000 -46360.000000 -43692.000000
-57462.000000 -53900.000000 -49956.000000 -46364.000000 -43692.000000
-57462.000000 -53900.000000 -49952.000000 -46364.000000 -43692.000000
-57462.000000 -53904.000000 -49952.000000 -46368.000000 -43690.000000
-57462.000000 -53900.000000 -49952.000000 -46352.000000 -43692.000000
-57462.000000 -53902.000000 -49952.000000 -46344.000000 -43688.000000
-57462.000000 -53902.000000 -49948.000000 -46344.000000 -43688.000000
-57462.000000 -53902.000000 -49940.000000 -46344.000000 -43692.000000
-57462.000000 -53900.000000 -49944.000000 -46340.000000 -43692.000000
-57478.000000 -53896.000000 -49948.000000 -46344.000000 -43704.000000
-57472.000000 -53900.000000 -49948.000000 -46348.000000 -43716.000000
-57468.000000 -53896.000000 -49952.000000 -46348.000000 -43738.000000
-57464.000000 -53898.000000 -49952.000000 -46350.000000 -43734.000000
-57472.000000 -53892.000000 -49946.000000 -46334.000000 -43730.000000
-57476.000000 -53898.000000 -49950.000000 -46338.000000 -43734.000000
-57476.000000 -53896.000000 -49942.000000 -46338.000000 -43744.000000
-57476.000000 -53892.000000 -49938.000000 -46346.000000 -43744.000000
-57476.000000 -53884.000000 -49946.000000 -46346.000000 -43736.000000
-57476.000000 -53892.000000 -49946.000000 -46342.000000 -43736.000000
-57476.000000 -53892.000000 -49944.000000 -46338.000000 -43736.000000
-57476.000000 -53908.000000 -49946.000000 -46346.000000 -43738.000000
-57468.000000 -53922.000000 -49950.000000 -46360.000000 -43746.000000
-57464.000000 -53918.000000 -49950.000000 -46360.000000 -43738.000000
-57464.000000 -53918.000000 -49954.000000 -46360.000000 -43750.000000
-57448.000000 -53914.000000 -49958.000000 -46364.000000 -43750.000000
-57448.000000 -53914.000000 -49958.000000 -46366.000000 -43758.000000
-57444.000000 -53914.000000 -49974.000000 -46394.000000 -43758.000000
-57452.000000 -53914.000000 -49980.000000 -46388.000000 -43754.000000
-57456.000000 -53914.000000 -49972.000000 -46396.000000 -43762.000000
-57456.000000 -53914.000000 -49962.000000 -46400.000000 -43766.000000
-57452.000000 -53918.000000 -49966.000000 -46400.000000 -43762.000000
-57452.000000 -53914.000000 -49970.000000 -46402.000000 -43758.000000
-57452.000000 -53916.000000 -49982.000000 -46410.000000 -43758.000000
-57460.000000 -53916.000000 -49978.000000 -46398.000000 -43750.000000
-57456.000000 -53920.000000 -49976.000000 -46394.000000 -43746.000000
-57448.000000 -53920.000000 -49976.000000 -46390.000000 -43754.000000
-57444.000000 -53920.000000 -49976.000000 -46388.000000 -43754.000000
-57438.000000 -53928.000000 -49966.000000 -46392.000000 -43766.000000
-57438.000000 -53928.000000 -49970.000000 -46392.000000 -43756.000000
-57430.000000 -53924.000000 -49970.000000 -46376.000000 -43752.000000
-57424.000000 -53924.000000 -49976.000000 -46384.000000 -43764.000000
-57416.000000 -53918.000000 -49968.000000 -46384.000000 -43762.000000
-57412.000000 -53922.000000 -49964.000000 -46388.000000 -43770.000000
-57410.000000 -53914.000000 -49964.000000 -46392.000000 -43770.000000
-57406.000000 -53914.000000 -49960.000000 -46396.000000 -43774.000000
-57406.000000 -53918.000000 -49968.000000 -46404.000000 -43774.000000
-57406.000000 -53914.000000 -49976.000000 -46416.000000 -43754.000000
-57410.000000 -53918.000000 -49972.000000 -46416.000000 -43752.000000
-57410.000000 -53922.000000 -49968.000000 -46418.000000 -43752.000000
-57394.000000 -53922.000000 -49968.000000 -46430.000000 -43764.000000
-57394.000000 -53926.000000 -49964.000000 -46440.000000 -43770.000000
-57394.000000 -53910.000000 -49952.000000 -46442.000000 -43766.000000
-57394.000000 -53910.000000 -49950.000000 -46438.000000 -43762.000000
-57382.000000 -53914.000000 -49950.000000 -46450.000000 -43762.000000
-57382.000000 -53910.000000 -49946.000000 -46454.000000 -43764.000000
-57382.000000 -53906.000000 -49940.000000 -46454.000000 -43766.000000
-57384.000000 -53906.000000 -49936.000000 -46450.000000 -43758.000000
-57388.000000 -53914.000000 -49952.000000 -46454.000000 -43766.000000
-57392.000000 -53918.000000 -49956.000000 -46462.000000 -43764.000000
-57392.000000 -53922.000000 -49956.000000 -46462.000000 -43764.000000
-57392.000000 -53926.000000 -49956.000000 -46470.000000 -43768.000000
-57392.000000 -53926.000000 -49952.000000 -46476.000000 -43776.000000
-57392.000000 -53922.000000 -49956.000000 -46480.000000 -43782.000000
-57400.000000 -53922.000000 -49960.000000 -46484.000000 -43786.000000
-57400.000000 -53922.000000 -49944.000000 -46492.000000 -43782.000000
-57400.000000 -53906.000000 -49948.000000 -46490.000000 -43766.000000
-57408.000000 -53906.000000 -49940.000000 -46490.000000 -43764.000000
-57400.000000 -53910.000000 -49928.000000 -46492.000000 -43776.000000
-57392.000000 -53902.000000 -49932.000000 -46508.000000 -43776.000000
-57388.000000 -53906.000000 -49932.000000 -46508.000000 -43776.000000
-57388.000000 -53896.000000 -49928.000000 -46500.000000 -43776.000000
-57392.000000 -53898.000000 -49920.000000 -46504.000000 -43774.000000
-57384.000000 -53890.000000 -49904.000000 -46504.000000 -43768.000000
-57384.000000 -53888.000000 -49900.000000 -46510.000000 -43760.000000
-57380.000000 -53886.000000 -49900.000000 -46502.000000 -43764.000000
-57384.000000 -53890.000000 -49896.000000 -46514.000000 -43776.000000
-57384.000000 -53894.000000 -49900.000000 -46508.000000 -43780.000000
-57384.000000 -53890.000000 -49882.000000 -46504.000000 -43784.000000
-57380.000000 -53890.000000 -49870.000000 -46504.000000 -43786.000000
-57368.000000 -53890.000000 -49870.000000 -46500.000000 -43790.000000
-57376.000000 -53894.000000 -49874.000000 -46500.000000 -43790.000000
-57376.000000 -53890.000000 -49882.000000 -46496.000000 -43798.000000
-57380.000000 -53892.000000 -49876.000000 -46488.000000 -43808.000000
-57380.000000 -53892.000000 -49870.000000 -46492.000000 -43806.000000
-57380.000000 -53886.000000 -49876.000000 -46490.000000 -43794.000000
-57384.000000 -53894.000000 -49874.000000 -46486.000000 -43786.000000
-57388.000000 -53894.000000 -49876.000000 -46478.000000 -43786.000000
-57392.000000 -53902.000000 -49872.000000 -46478.000000 -43778.000000
-57402.000000 -53910.000000 -49870.000000 -46480.000000 -43786.000000
-57398.000000 -53916.000000 -49878.000000 -46476.000000 -43778.000000
-57398.000000 -53912.000000 -49874.000000 -46484.000000 -43782.000000
-57406.000000 -53916.000000 -49866.000000 -46480.000000 -43774.000000
-57406.000000 -53932.000000 -49866.000000 -46488.000000 -43770.000000
-57410.000000 -53932.000000 -49868.000000 -46476.000000 -43764.000000
-57406.000000 -53916.000000 -49860.000000 -46476.000000 -43756.000000
-57402.000000 -53916.000000 -49860.000000 -46474.000000 -43744.000000
-57406.000000 -53910.000000 -49868.000000 -46480.000000 -43744.000000
-57404.000000 -53902.000000 -49864.000000 -46482.000000 -43748.000000
-57408.000000 -53906.000000 -49868.000000 -46480.000000 -43748.000000
-57418.000000 -53902.000000 -49866.000000 -46480.000000 -43750.000000
-57418.000000 -53902.000000 -49862.000000 -46484.000000 -43750.000000
-57414.000000 -53898.000000 -49866.000000 -46488.000000 -43742.000000
-57414.000000 -53902.000000 -49866.000000 -46496.000000 -43742.000000
-57410.000000 -53902.000000 -49870.000000 -46492.000000 -43730.000000
-57410.000000 -53898.000000 -49870.000000 -46488.000000 -43726.000000
-57410.000000 -53898.000000 -49862.000000 -46486.000000 -43730.000000
-57414.000000 -53880.000000 -49862.000000 -46486.000000 -43726.000000
-57414.000000 -53872.000000 -49854.000000 -46474.000000 -43722.000000
-57418.000000 -53864.000000 -49862.000000 -46472.000000 -43712.000000
-57412.000000 -53860.000000 -49862.000000 -46472.000000 -43708.000000
-57412.000000 -53864.000000 -49858.000000 -46468.000000 -43708.000000
-57412.000000 -53864.000000 -49862.000000 -46468.000000 -43698.000000
-57420.000000 -53870.000000 -49872.000000 -46476.000000 -43696.000000
-57424.000000 -53862.000000 -49870.000000 -46476.000000 -43704.000000
-57424.000000 -53858.000000 -49874.000000 -46472.000000 -43714.000000
-57424.000000 -53858.000000 -49878.000000 -46476.000000 -43720.000000
-57428.000000 -53856.000000 -49882.000000 -46476.000000 -43718.000000
-57428.000000 -53856.000000 -49886.000000 -46492.000000 -43718.000000
-57428.000000 -53862.000000 -49886.000000 -46492.000000 -43718.000000
-57434.000000 -53862.000000 -49864.000000 -46492.000000 -43722.000000
-57438.000000 -53868.000000 -49864.000000 -46492.000000 -43708.000000
-57438.000000 -53872.000000 -49856.000000 -46488.000000 -43708.000000
-57442.000000 -53874.000000 -49852.000000 -46474.000000 -43712.000000
-57450.000000 -53866.000000 -49852.000000 -46468.000000 -43718.000000
-57456.000000 -53870.000000 -49856.000000 -46464.000000 -43714.000000
-57456.000000 -53880.000000 -49848.000000 -46454.000000 -43716.000000
-57448.000000 -53878.000000 -49852.000000 -46450.000000 -43704.000000
-57454.000000 -53878.000000 -49852.000000 -46450.000000 -43704.000000
-57454.000000 -53874.000000 -49852.000000 -46442.000000 -43710.000000
-57452.000000 -53882.000000 -49860.000000 -46450.000000 -43696.000000
-57458.000000 -53882.000000 -49854.000000 -46448.000000 -43704.000000
-57460.000000 -53882.000000 -49854.000000 -46454.000000 -43698.000000
-57464.000000 -53882.000000 -49854.000000 -46454.000000 -43690.000000
-57464.000000 -53878.000000 -49850.000000 -46450.000000 -43686.000000
-57464.000000 -53880.000000 -49848.000000 -46446.000000 -43682.000000
-57464.000000 -53880.000000 -49844.000000 -46440.000000 -43670.000000
-57462.000000 -53896.000000 -49840.000000 -46436.000000 -43674.000000
-57458.000000 -53896.000000 -49844.000000 -46436.000000 -43678.000000
-57452.000000 -53896.000000 -49844.000000 -46434.000000 -43688.000000
-57446.000000 -53900.000000 -49840.000000 -46444.000000 -43696.000000
-57442.000000 -53892.000000 -49840.000000 -46450.000000 -43674.000000
-57450.000000 -53896.000000 -49844.000000 -46458.000000 -43678.000000
-57426.000000 -53896.000000 -49840.000000 -46456.000000 -43672.000000
-57422.000000 -53896.000000 -49844.000000 -46444.000000 -43680.000000
-57418.000000 -53896.000000 -49844.000000 -46448.000000 -43680.000000
-57430.000000 -53892.000000 -49836.000000 -46450.000000 -43674.000000
-57432.000000 -53888.000000 -49832.000000 -46458.000000 -43682.000000
-57428.000000 -53890.000000 -49832.000000 -46456.000000 -43698.000000
-57428.000000 -53890.000000 -49832.000000 -46460.000000 -43702.000000
-57428.000000 -53886.000000 -49834.000000 -46460.000000 -43714.000000
-57420.000000 -53884.000000 -49846.000000 -46460.000000 -43710.000000
-57416.000000 -53892.000000 -49850.000000 -46472.000000 -43710.000000
-57410.000000 -53892.000000 -49856.000000 -46480.000000 -43716.000000
-57410.000000 -53896.000000 -49848.000000 -46488.000000 -43720.000000
-57412.000000 -53906.000000 -49848.000000 -46496.000000 -43730.000000
-57412.000000 -53898.000000 -49852.000000 -46500.000000 -43714.000000
-57416.000000 -53890.000000 -49852.000000 -46500.000000 -43710.000000
-57424.000000 -53884.000000 -49852.000000 -46496.000000 -43714.000000
-57424.000000 -53884.000000 -49852.000000 -46500.000000 -43726.000000
-57424.000000 -53888.000000 -49840.000000 -46510.000000 -43722.000000
-57420.000000 -53876.000000 -49836.000000 -46514.000000 -43714.000000
-57420.000000 -53878.000000 -49840.000000 -46518.000000 -43716.000000
-57412.000000 -53878.000000 -49848.000000 -46522.000000 -43716.000000
-57412.000000 -53874.000000 -49860.000000 -46526.000000 -43712.000000
-57404.000000 -53882.000000 -49868.000000 -46526.000000 -43714.000000
-57400.000000 -53884.000000 -49870.000000 -46520.000000 -43710.000000
-57400.000000 -53876.000000 -49874.000000 -46522.000000 -43706.000000
-57408.000000 -53864.000000 -49886.000000 -46526.000000 -43702.000000
-57406.000000 -53864.000000 -49886.000000 -46526.000000 -43702.000000
-57396.000000 -53864.000000 -49894.000000 -46522.000000 -43702.000000
-57392.000000 -53872.000000 -49894.000000 -46526.000000 -43690.000000
-57388.000000 -53872.000000 -49890.000000 -46532.000000 -43686.000000
-57388.000000 -53876.000000 -49890.000000 -46538.000000 -43682.000000
-57380.000000 -53878.000000 -49886.000000 -46526.000000 -43682.000000
-57376.000000 -53878.000000 -49882.000000 -46524.000000 -43684.000000
-57372.000000 -53882.000000 -49868.000000 -46528.000000 -43670.000000
-57378.000000 -53878.000000 -49862.000000 -46532.000000 -43672.000000
-57378.000000 -53874.000000 -49858.000000 -46526.000000 -43658.000000
-57378.000000 -53878.000000 -49856.000000 -46520.000000 -43666.000000
-57384.000000 -53882.000000 -49860.000000 -46510.000000 -43666.000000
-57380.000000 -53878.000000 -49860.000000 -46522.000000 -43674.000000
-57384.000000 -53874.000000 -49860.000000 -46522.000000 -43674.000000
-57380.000000 -53874.000000 -49856.000000 -46506.000000 -43670.000000
-57384.000000 -53876.000000 -49860.000000 -46510.000000 -43664.000000
-57384.000000 -53872.000000 -49860.000000 -46496.000000 -43660.000000
-57384.000000 -53864.000000 -49856.000000 -46502.000000 -43664.000000
-57388.000000 -53858.000000 -49856.000000 -46502.000000 -43660.000000
-57396.000000 -53858.000000 -49852.000000 -46494.000000 -43650.000000
-57384.000000 -53866.000000 -49844.000000 -46490.000000 -43660.000000
-57400.000000 -53860.000000 -49840.000000 -46478.000000 -43670.000000
-57388.000000 -53856.000000 -49844.000000 -46478.000000 -43666.000000
-57390.000000 -53848.000000 -49836.000000 -46474.000000 -43666.000000
-57390.000000 -53854.000000 -49844.000000 -46480.000000 -43686.000000
-57386.000000 -53858.000000 -49840.000000 -46480.000000 -43690.000000
-57386.000000 -53870.000000 -49828.000000 -46480.000000 -43690.000000
-57386.000000 -53862.000000 -49832.000000 -46472.000000 -43688.000000
-57386.000000 -53864.000000 -49832.000000 -46484.000000 -43688.000000
-57370.000000 -53864.000000 -49828.000000 -46494.000000 -43684.000000
-57374.000000 -53866.000000 -49836.000000 -46492.000000 -43688.000000
-57368.000000 -53874.000000 -49836.000000 -46492.000000 -43684.000000
-57372.000000 -53874.000000 -49824.000000 -46488.000000 -43680.000000
-57376.000000 -53874.000000 -49824.000000 -46492.000000 -43674.000000
-57368.000000 -53882.000000 -49820.000000 -46488.000000 -43676.000000
-57368.000000 -53884.000000 -49820.000000 -46484.000000 -43672.000000
-57368.000000 -53880.000000 -49812.000000 -46484.000000 -43668.000000
-57372.000000 -53886.000000 -49820.000000 -46476.000000 -43656.000000
-57376.000000 -53892.000000 -49822.000000 -46472.000000 -43652.000000
-57376.000000 -53894.000000 -49838.000000 -46464.000000 -43652.000000
-57374.000000 -53890.000000 -49852.000000 -46470.000000 -43652.000000
-57370.000000 -53898.000000 -49860.000000 -46466.000000 -43648.000000
-57370.000000 -53900.000000 -49868.000000 -46474.000000 -43666.000000
-57370.000000 -53900.000000 -49868.000000 -46466.000000 -43666.000000
-57370.000000 -53900.000000 -49880.000000 -46466.000000 -43666.000000
-57370.000000 -53900.000000 -49880.000000 -46458.000000 -43666.000000
-57370.000000 -53892.000000 -49888.000000 -46464.000000 -43660.000000
-57366.000000 -53896.000000 -49880.000000 -46464.000000 -43652.000000
-57362.000000 -53896.000000 -49880.000000 -46454.000000 -43654.000000
-57360.000000 -53884.000000 -49892.000000 -46458.000000 -43662.000000
-57360.000000 -53884.000000 -49888.000000 -46450.000000 -43666.000000
-57356.000000 -53884.000000 -49888.000000 -46458.000000 -43666.000000
-57352.000000 -53884.000000 -49888.000000 -46462.000000 -43652.000000
-57352.000000 -53884.000000 -49888.000000 -46468.000000 -43648.000000
-57354.000000 -53882.000000 -49880.000000 -46466.000000 -43646.000000
-57350.000000 -53878.000000 -49884.000000 -46470.000000 -43644.000000
-57358.000000 -53886.000000 -49884.000000 -46470.000000 -43648.000000
-57358.000000 -53884.000000 -49880.000000 -46462.000000 -43640.000000
-57358.000000 -53884.000000 -49876.000000 -46458.000000 -43634.000000
-57354.000000 -53888.000000 -49884.000000 -46450.000000 -43640.000000
-57346.000000 -53884.000000 -49884.000000 -46446.000000 -43640.000000
-57350.000000 -53884.000000 -49880.000000 -46432.000000 -43640.000000
-57346.000000 -53880.000000 -49888.000000 -46436.000000 -43652.000000
-57352.000000 -53880.000000 -49884.000000 -46432.000000 -43644.000000
-57352.000000 -53880.000000 -49884.000000 -46428.000000 -43642.000000
-57352.000000 -53896.000000 -49872.000000 -46432.000000 -43642.000000
-57360.000000 -53892.000000 -49880.000000 -46426.000000 -43638.000000
-57360.000000 -53892.000000 -49876.000000 -46422.000000 -43634.000000
-57364.000000 -53892.000000 -49880.000000 -46426.000000 -43630.000000
-57360.000000 -53904.000000 -49880.000000 -46430.000000 -43622.000000
-57360.000000 -53912.000000 -49892.000000 -46434.000000 -43618.000000
-57364.000000 -53912.000000 -49892.000000 -46434.000000 -43622.000000
-57364.000000 -53908.000000 -49902.000000 -46434.000000 -43614.000000
-57368.000000 -53908.000000 -49902.000000 -46446.000000 -43622.000000
-57368.000000 -53908.000000 -49896.000000 -46442.000000 -43614.000000
-57364.000000 -53908.000000 -49896.000000 -46442.000000 -43614.000000
-57368.000000 -53908.000000 -49908.000000 -46434.000000 -43610.000000
-57368.000000 -53906.000000 -49900.000000 -46434.000000 -43604.000000
-57372.000000 -53898.000000 -49898.000000 -46438.000000 -43610.000000
-57372.000000 -53902.000000 -49898.000000 -46446.000000 -43614.000000
-57372.000000 -53912.000000 -49898.000000 -46448.000000 -43604.000000
-57372.000000 -53912.000000 -49894.000000 -46452.000000 -43598.000000
-57380.000000 -53910.000000 -49890.000000 -46444.000000 -43606.000000
-57372.000000 -53910.000000 -49892.000000 -46440.000000 -43610.000000
-57372.000000 -53910.000000 -49892.000000 -46432.000000 -43614.000000
-57368.000000 -53906.000000 -49892.000000 -46432.000000 -43604.000000
-57368.000000 -53914.000000 -49900.000000 -46436.000000 -43604.000000
-57368.000000 -53922.000000 -49900.000000 -46440.000000 -43604.000000
-57364.000000 -53926.000000 -49896.000000 -46434.000000 -43604.000000
-57360.000000 -53922.000000 -49896.000000 -46438.000000 -43616.000000
-57360.000000 -53922.000000 -49896.000000 -46436.000000 -43616.000000
-57356.000000 -53922.000000 -49896.000000 -46440.000000 -43604.000000
-57344.000000 -53922.000000 -49900.000000 -46444.000000 -43602.000000
-57344.000000 -53922.000000 -49898.000000 -46448.000000 -43604.000000
-57348.000000 -53922.000000 -49902.000000 -46448.000000 -43614.000000
-57350.000000 -53922.000000 -49906.000000 -46446.000000 -43622.000000
-57350.000000 -53934.000000 -49906.000000 -46442.000000 -43630.000000
-57360.000000 -53938.000000 -49910.000000 -46450.000000 -43634.000000
-57362.000000 -53948.000000 -49910.000000 -46462.000000 -43638.000000
-57366.000000 -53940.000000 -49914.000000 -46454.000000 -43638.000000
-57358.000000 -53930.000000 -49914.000000 -46458.000000 -43638.000000
-57358.000000 -53930.000000 -49904.000000 -46458.000000 -43638.000000
-57360.000000 -53930.000000 -49900.000000 -46454.000000 -43642.000000
-57360.000000 -53930.000000 -49904.000000 -46454.000000 -43642.000000
-57372.000000 -53930.000000 -49920.000000 -46456.000000 -43642.000000
-57364.000000 -53930.000000 -49924.000000 -46456.000000 -43640.000000
-57364.000000 -53930.000000 -49926.000000 -46456.000000 -43636.000000
-57364.000000 -53930.000000 -49922.000000 -46456.000000 -43638.000000
-57358.000000 -53930.000000 -49922.000000 -46444.000000 -43646.000000
-57358.000000 -53938.000000 -49914.000000 -46444.000000 -43656.000000
-57362.000000 -53942.000000 -49914.000000 -46432.000000 -43648.000000
-57370.000000 -53938.000000 -49906.000000 -46432.000000 -43644.000000
-57360.000000 -53930.000000 -49906.000000 -46436.000000 -43640.000000
-57368.000000 -53930.000000 -49906.000000 -46432.000000 -43630.000000
-57376.000000 -53930.000000 -49906.000000 -46428.000000 -43626.000000
-57386.000000 -53928.000000 -49902.000000 -46436.000000 -43626.000000
-57386.000000 -53920.000000 -49898.000000 -46436.000000 -43616.000000
-57386.000000 -53920.000000 -49898.000000 -46456.000000 -43616.000000
-57390.000000 -53916.000000 -49898.000000 -46452.000000 -43620.000000
-57382.000000 -53906.000000 -49900.000000 -46454.000000 -43620.000000
-57386.000000 -53902.000000 -49904.000000 -46446.000000 -43616.000000
-57386.000000 -53902.000000 -49912.000000 -46444.000000 -43620.000000
-57382.000000 -53914.000000 -49924.000000 -46458.000000 -43616.000000
-57366.000000 -53916.000000 -49928.000000 -46458.000000 -43614.000000
-57366.000000 -53920.000000 -49936.000000 -46458.000000 -43612.000000
-57358.000000 -53908.000000 -49938.000000 -46458.000000 -43614.000000
-57354.000000 -53904.000000 -49946.000000 -46454.000000 -43608.000000
-57354.000000 -53912.000000 -49946.000000 -46450.000000 -43616.000000
-57346.000000 -53912.000000 -49950.000000 -46444.000000 -43604.000000
-57346.000000 -53928.000000 -49944.000000 -46454.000000 -43606.000000
-57346.000000 -53928.000000 -49950.000000 -46454.000000 -43606.000000
-57342.000000 -53924.000000 -49942.000000 -46448.000000 -43612.000000
-57334.000000 -53936.000000 -49942.000000 -46444.000000 -43612.000000
-57330.000000 -53932.000000 -49936.000000 -46444.000000 -43606.000000
-57322.000000 -53932.000000 -49936.000000 -46444.000000 -43602.000000
-57322.000000 -53936.000000 -49936.000000 -46444.000000 -43596.000000
-57314.000000 -53934.000000 -49926.000000 -46440.000000 -43596.000000
-57322.000000 -53942.000000 -49934.000000 -46438.000000 -43588.000000
-57322.000000 -53942.000000 -49944.000000 -46438.000000 -43592.000000
-57326.000000 -53942.000000 -49946.000000 -46432.000000 -43598.000000
-57322.000000 -53934.000000 -49960.000000 -46428.000000 -43594.000000
-57322.000000 -53938.000000 -49960.000000 -46432.000000 -43606.000000
-57322.000000 -53942.000000 -49960.000000 -46428.000000 -43610.000000
-57334.000000 -53928.000000 -49952.000000 -46432.000000 -43614.000000
-57346.000000 -53936.000000 -49954.000000 -46436.000000 -43616.000000
-57346.000000 -53928.000000 -49950.000000 -46436.000000 -43616.000000
-57344.000000 -53928.000000 -49940.000000 -46440.000000 -43620.000000
-57332.000000 -53924.000000 -49936.000000 -46448.000000 -43616.000000
-57334.000000 -53920.000000 -49936.000000 -46444.000000 -43620.000000
-57334.000000 -53916.000000 -49936.000000 -46452.000000 -43620.000000
-57334.000000 -53928.000000 -49936.000000 -46460.000000 -43620.000000
-57334.000000 -53920.000000 -49940.000000 -46472.000000 -43620.000000
-57334.000000 -53916.000000 -49932.000000 -46472.000000 -43618.000000
-57330.000000 -53922.000000 -49928.000000 -46476.000000 -43616.000000
-57330.000000 -53914.000000 -49936.000000 -46478.000000 -43608.000000
-57338.000000 -53910.000000 -49938.000000 -46478.000000 -43608.000000
-57338.000000 -53908.000000 -49930.000000 -46486.000000 -43600.000000
-57338.000000 -53904.000000 -49936.000000 -46474.000000 -43604.000000
-57338.000000 -53904.000000 -49942.000000 -46470.000000 -43606.000000
-57342.000000 -53902.000000 -49938.000000 -46464.000000 -43608.000000
-57342.000000 -53902.000000 -49946.000000 -46460.000000 -43608.000000
-57334.000000 -53910.000000 -49948.000000 -46452.000000 -43616.000000
-57330.000000 -53908.000000 -49956.000000 -46452.000000 -43606.000000
-57338.000000 -53908.000000 -49956.000000 -46452.000000 -43614.000000
-57338.000000 -53912.000000 -49952.000000 -46452.000000 -43614.000000
-57338.000000 -53916.000000 -49964.000000 -46452.000000 -43606.000000
-57328.000000 -53924.000000 -49954.000000 -46456.000000 -43606.000000
-57324.000000 -53914.000000 -49938.000000 -46456.000000 -43602.000000
-57320.000000 -53914.000000 -49946.000000 -46464.000000 -43604.000000
-57318.000000 -53916.000000 -49944.000000 -46460.000000 -43596.000000
-57314.000000 -53912.000000 -49944.000000 -46466.000000 -43580.000000
-57318.000000 -53916.000000 -49936.000000 -46458.000000 -43576.000000
-57326.000000 -53916.000000 -49932.000000 -46458.000000 -43576.000000
-57322.000000 -53912.000000 -49940.000000 -46458.000000 -43568.000000
-57330.000000 -53924.000000 -49940.000000 -46462.000000 -43560.000000
-57334.000000 -53928.000000 -49944.000000 -46462.000000 -43560.000000
-57350.000000 -53928.000000 -49944.000000 -46462.000000 -43568.000000
-57350.000000 -53916.000000 -49948.000000 -46458.000000 -43572.000000
-57356.000000 -53916.000000 -49946.000000 -46450.000000 -43572.000000
-57360.000000 -53920.000000 -49944.000000 -46454.000000 -43560.000000
-57360.000000 -53920.000000 -49944.000000 -46450.000000 -43556.000000
-57364.000000 -53916.000000 -49940.000000 -46454.000000 -43556.000000
-57364.000000 -53920.000000 -49940.000000 -46450.000000 -43556.000000
-57364.000000 -53920.000000 -49944.000000 -46440.000000 -43554.000000
-57370.000000 -53920.000000 -49948.000000 -46444.000000 -43562.000000
-57370.000000 -53920.000000 -49936.000000 -46446.000000 -43566.000000
-57370.000000 -53920.000000 -49932.000000 -46430.000000 -43574.000000
-57374.000000 -53916.000000 -49932.000000 -46434.000000 -43570.000000
-57372.000000 -53918.000000 -49930.000000 -46426.000000 -43574.000000
-57368.000000 -53918.000000 -49926.000000 -46422.000000 -43574.000000
-57356.000000 -53922.000000 -49914.000000 -46422.000000 -43570.000000
-57364.000000 -53920.000000 -49918.000000 -46418.000000 -43562.000000
-57372.000000 -53920.000000 -49910.000000 -46414.000000 -43566.000000
-57372.000000 -53920.000000 -49906.000000 -46408.000000 -43556.000000
-57372.000000 -53934.000000 -49910.000000 -46400.000000 -43556.000000
-57372.000000 -53934.000000 -49910.000000 -46400.000000 -43548.000000
-57376.000000 -53936.000000 -49910.000000 -46400.000000 -43536.000000
-57380.000000 -53924.000000 -49910.000000 -46392.000000 -43540.000000
-57372.000000 -53924.000000 -49902.000000 -46396.000000 -43532.000000
-57372.000000 -53928.000000 -49898.000000 -46392.000000 -43532.000000
-57372.000000 -53930.000000 -49894.000000 -46394.000000 -43540.000000
-57380.000000 -53926.000000 -49894.000000 -46390.000000 -43534.000000
-57380.000000 -53926.000000 -49894.000000 -46382.000000 -43536.000000
-57368.000000 -53932.000000 -49880.000000 -46390.000000 -43536.000000
-57368.000000 -53932.000000 -49880.000000 -46392.000000 -43532.000000
-57372.000000 -53928.000000 -49880.000000 -46404.000000 -43540.000000
-57368.000000 -53920.000000 -49880.000000 -46404.000000 -43540.000000
-57368.000000 -53924.000000 -49880.000000 -46422.000000 -43546.000000
-57380.000000 -53924.000000 -49876.000000 -46422.000000 -43554.000000
-57382.000000 -53924.000000 -49868.000000 -46424.000000 -43558.000000
-57378.000000 -53924.000000 -49868.000000 -46432.000000 -43558.000000
-57382.000000 -53924.000000 -49864.000000 -46434.000000 -43546.000000
-57386.000000 -53922.000000 -49870.000000 -46434.000000 -43542.000000
-57386.000000 -53918.000000 -49870.000000 -46434.000000 -43546.000000
-57388.000000 -53914.000000 -49870.000000 -46430.000000 -43548.000000
-57396.000000 -53914.000000 -49874.000000 -46422.000000 -43558.000000
-57396.000000 -53918.000000 -49878.000000 -46432.000000 -43558.000000
-57396.000000 -53922.000000 -49870.000000 -46430.000000 -43566.000000
-57404.000000 -53914.000000 -49870.000000 -46434.000000 -43564.000000
-57400.000000 -53916.000000 -49866.000000 -46434.000000 -43572.000000
-57412.000000 -53916.000000 -49864.000000 -46434.000000 -43580.000000
-57406.000000 -53924.000000 -49868.000000 -46432.000000 -43580.000000
-57406.000000 -53924.000000 -49872.000000 -46424.000000 -43582.000000
-57410.000000 -53922.000000 -49872.000000 -46418.000000 -43582.000000
-57418.000000 -53926.000000 -49872.000000 -46418.000000 -43582.000000
-57424.000000 -53934.000000 -49876.000000 -46418.000000 -43582.000000
-57420.000000 -53942.000000 -49880.000000 -46422.000000 -43578.000000
-57424.000000 -53942.000000 -49886.000000 -46424.000000 -43566.000000
-57420.000000 -53942.000000 -49894.000000 -46418.000000 -43562.000000
-57412.000000 -53942.000000 -49906.000000 -46422.000000 -43564.000000
-57416.000000 -53942.000000 -49902.000000 -46422.000000 -43554.000000
-57416.000000 -53942.000000 -49910.000000 -46420.000000 -43542.000000
-57418.000000 -53930.000000 -49926.000000 -46416.000000 -43538.000000
-57430.000000 -53932.000000 -49930.000000 -46406.000000 -43536.000000
-57434.000000 -53922.000000 -49934.000000 -46410.000000 -43540.000000
-57444.000000 -53922.000000 -49938.000000 -46414.000000 -43538.000000
-57444.000000 -53926.000000 -49938.000000 -46414.000000 -43538.000000
-57444.000000 -53926.000000 -49942.000000 -46418.000000 -43534.000000
-57444.000000 -53926.000000 -49942.000000 -46434.000000 -43518.000000
-57444.000000 -53930.000000 -49942.000000 -46442.000000 -43514.000000
-57444.000000 -53930.000000 -49942.000000 -46450.000000 -43504.000000
-57444.000000 -53938.000000 -49934.000000 -46442.000000 -43504.000000
-57450.000000 -53942.000000 -49934.000000 -46442.000000 -43512.000000
-57454.000000 -53940.000000 -49934.000000 -46436.000000 -43508.000000
-57462.000000 -53944.000000 -49934.000000 -46436.000000 -43512.000000
-57470.000000 -53950.000000 -49922.000000 -46436.000000 -43508.000000
-57470.000000 -53944.000000 -49926.000000 -46430.000000 -43512.000000
-57470.000000 -53938.000000 -49918.000000 -46426.000000 -43512.000000
-57466.000000 -53934.000000 -49918.000000 -46426.000000 -43504.000000
-57462.000000 -53934.000000 -49922.000000 -46442.000000 -43498.000000
-57462.000000 -53934.000000 -49918.000000 -46442.000000 -43494.000000
-57462.000000 -53934.000000 -49908.000000 -46438.000000 -43496.000000
-57462.000000 -53934.000000 -49908.000000 -46442.000000 -43494.000000
-57454.000000 -53934.000000 -49908.000000 -46434.000000 -43490.000000
-57446.000000 -53932.000000 -49912.000000 -46438.000000 -43494.000000
-57446.000000 -53940.000000 -49920.000000 -46442.000000 -43498.000000
-57442.000000 -53940.000000 -49924.000000 -46458.000000 -43500.000000
-57446.000000 -53948.000000 -49936.000000 -46472.000000 -43496.000000
-57442.000000 -53952.000000 -49924.000000 -46472.000000 -43488.000000
-57438.000000 -53950.000000 -49920.000000 -46480.000000 -43500.000000
-57438.000000 -53940.000000 -49912.000000 -46476.000000 -43500.000000
-57438.000000 -53944.000000 -49904.000000 -46474.000000 -43516.000000
-57442.000000 -53944.000000 -49904.000000 -46480.000000 -43504.000000
-57442.000000 -53942.000000 -49904.000000 -46484.000000 -43508.000000
-57440.000000 -53934.000000 -49896.000000 -46482.000000 -43500.000000
-57440.000000 -53934.000000 -49904.000000 -46482.000000 -43500.000000
-57440.000000 -53934.000000 -49916.000000 -46482.000000 -43508.000000
-57436.000000 -53924.000000 -49920.000000 -46482.000000 -43512.000000
-57438.000000 -53924.000000 -49914.000000 -46490.000000 -43520.000000
-57438.000000 -53920.000000 -49914.000000 -46486.000000 -43526.000000
-57442.000000 -53920.000000 -49914.000000 -46482.000000 -43522.000000
-57440.000000 -53928.000000 -49922.000000 -46490.000000 -43514.000000
-57436.000000 -53932.000000 -49926.000000 -46498.000000 -43512.000000
-57436.000000 -53934.000000 -49930.000000 -46498.000000 -43514.000000
-57432.000000 -53930.000000 -49934.000000 -46494.000000 -43530.000000
-57428.000000 -53930.000000 -49930.000000 -46496.000000 -43526.000000
-57428.000000 -53934.000000 -49922.000000 -46498.000000 -43530.000000
-57428.000000 -53918.000000 -49922.000000 -46494.000000 -43522.000000
-57420.000000 -53918.000000 -49926.000000 -46484.000000 -43522.000000
-57418.000000 -53922.000000 -49926.000000 -46488.000000 -43528.000000
-57422.000000 -53914.000000 -49918.000000 -46484.000000 -43532.000000
-57430.000000 -53914.000000 -49920.000000 -46476.000000 -43534.000000
-57422.000000 -53922.000000 -49932.000000 -46470.000000 -43536.000000
-57426.000000 -53922.000000 -49944.000000 -46470.000000 -43534.000000
-57430.000000 -53918.000000 -49944.000000 -46466.000000 -43530.000000
-57426.000000 -53918.000000 -49944.000000 -46466.000000 -43518.000000
-57430.000000 -53918.000000 -49944.000000 -46466.000000 -43518.000000
-57434.000000 -53922.000000 -49944.000000 -46474.000000 -43510.000000
-57430.000000 -53922.000000 -49934.000000 -46480.000000 -43510.000000
-57432.000000 -53918.000000 -49934.000000 -46480.000000 -43510.000000
-57432.000000 -53908.000000 -49926.000000 -46476.000000 -43496.000000
-57430.000000 -53908.000000 -49930.000000 -46488.000000 -43496.000000
-57430.000000 -53916.000000 -49922.000000 -46494.000000 -43500.000000
-57434.000000 -53918.000000 -49932.000000 -46494.000000 -43504.000000
-57434.000000 -53918.000000 -49932.000000 -46486.000000 -43508.000000
-57434.000000 -53914.000000 -49936.000000 -46490.000000 -43508.000000
-57436.000000 -53914.000000 -49944.000000 -46490.000000 -43504.000000
-57436.000000 -53914.000000 -49938.000000 -46496.000000 -43502.000000
-57432.000000 -53922.000000 -49942.000000 -46496.000000 -43502.000000
-57432.000000 -53918.000000 -49946.000000 -46500.000000 -43500.000000
-57432.000000 -53918.000000 -49950.000000 -46504.000000 -43500.000000
-57432.000000 -53918.000000 -49948.000000 -46500.000000 -43500.000000
-57432.000000 -53914.000000 -49944.000000 -46500.000000 -43496.000000
-57428.000000 -53918.000000 -49940.000000 -46504.000000 -43512.000000
-57424.000000 -53918.000000 -49938.000000 -46500.000000 -43506.000000
-57428.000000 -53918.000000 -49946.000000 -46488.000000 -43502.000000
-57428.000000 -53914.000000 -49942.000000 -46500.000000 -43502.000000
-57424.000000 -53910.000000 -49958.000000 -46500.000000 -43506.000000
-57418.000000 -53910.000000 -49952.000000 -46490.000000 -43500.000000
-57420.000000 -53918.000000 -49948.000000 -46490.000000 -43500.000000
-57420.000000 -53920.000000 -49948.000000 -46494.000000 -43500.000000
-57428.000000 -53914.000000 -49948.000000 -46498.000000 -43500.000000
-57434.000000 -53918.000000 -49948.000000 -46510.000000 -43500.000000
-57430.000000 -53930.000000 -49948.000000 -46510.000000 -43504.000000
-57430.000000 -53928.000000 -49952.000000 -46498.000000 -43502.000000
-57430.000000 -53928.000000 -49948.000000 -46486.000000 -43502.000000
-57430.000000 -53924.000000 -49952.000000 -46482.000000 -43506.000000
-57430.000000 -53924.000000 -49940.000000 -46480.000000 -43510.000000
-57430.000000 -53924.000000 -49950.000000 -46480.000000 -43512.000000
-57430.000000 -53924.000000 -49948.000000 -46484.000000 -43504.000000
-57424.000000 -53926.000000 -49960.000000 -46488.000000 -43520.000000
-57428.000000 -53930.000000 -49964.000000 -46484.000000 -43524.000000
-57428.000000 -53930.000000 -49964.000000 -46472.000000 -43526.000000
-57436.000000 -53930.000000 -49964.000000 -46464.000000 -43530.000000
-57436.000000 -53930.000000 -49954.000000 -46460.000000 -43536.000000
-57428.000000 -53930.000000 -49950.000000 -46456.000000 -43532.000000
-57428.000000 -53922.000000 -49946.000000 -46456.000000 -43534.000000
-57430.000000 -53916.000000 -49938.000000 -46468.000000 -43534.000000
-57422.000000 -53910.000000 -49942.000000 -46468.000000 -43538.000000
-57414.000000 -53910.000000 -49950.000000 -46464.000000 -43534.000000
-57418.000000 -53910.000000 -49942.000000 -46466.000000 -43526.000000
-57420.000000 -53906.000000 -49938.000000 -46476.000000 -43520.000000
-57420.000000 -53898.000000 -49926.000000 -46472.000000 -43528.000000
-57428.000000 -53894.000000 -49928.000000 -46472.000000 -43524.000000
-57422.000000 -53894.000000 -49920.000000 -46472.000000 -43516.000000
-57430.000000 -53894.000000 -49924.000000 -46480.000000 -43512.000000
-57430.000000 -53888.000000 -49928.000000 -46476.000000 -43508.000000
-57424.000000 -53896.000000 -49928.000000 -46476.000000 -43502.000000
-57428.000000 -53896.000000 -49924.000000 -46480.000000 -43494.000000
-57424.000000 -53900.000000 -49916.000000 -46496.000000 -43482.000000
-57428.000000 -53896.000000 -49912.000000 -46504.000000 -43482.000000
-57430.000000 -53892.000000 -49920.000000 -46500.000000 -43482.000000
-57436.000000 -53896.000000 -49916.000000 -46500.000000 -43496.000000
-57432.000000 -53896.000000 -49900.000000 -46498.000000 -43496.000000
-57428.000000 -53900.000000 -49908.000000 -46498.000000 -43496.000000
-57440.000000 -53900.000000 -49908.000000 -46500.000000 -43500.000000
-57440.000000 -53898.000000 -49912.000000 -46496.000000 -43500.000000
-57442.000000 -53896.000000 -49904.000000 -46488.000000 -43500.000000
-57442.000000 -53900.000000 -49912.000000 -46484.000000 -43508.000000
-57442.000000 -53900.000000 -49912.000000 -46492.000000 -43528.000000
-57442.000000 -53900.000000 -49912.000000 -46496.000000 -43532.000000
-57438.000000 -53914.000000 -49912.000000 -46500.000000 -43540.000000
-57436.000000 -53910.000000 -49910.000000 -46502.000000 -43548.000000
-57428.000000 -53906.000000 -49910.000000 -46494.000000 -43548.000000
-57432.000000 -53906.000000 -49914.000000 -46486.000000 -43562.000000
-57432.000000 -53902.000000 -49922.000000 -46494.000000 -43546.000000
-57432.000000 -53906.000000 -49918.000000 -46500.000000 -43538.000000
-57440.000000 -53906.000000 -49930.000000 -46492.000000 -43542.000000
-57448.000000 -53914.000000 -49926.000000 -46496.000000 -43556.000000
-57448.000000 -53912.000000 -49922.000000 -46500.000000 -43568.000000
-57448.000000 -53914.000000 -49930.000000 -46500.000000 -43570.000000
-57444.000000 -53910.000000 -49934.000000 -46494.000000 -43566.000000
-57452.000000 -53910.000000 -49942.000000 -46498.000000 -43564.000000
-57452.000000 -53910.000000 -49938.000000 -46506.000000 -43560.000000
-57452.000000 -53910.000000 -49922.000000 -46512.000000 -43560.000000
-57456.000000 -53906.000000 -49926.000000 -46514.000000 -43564.000000
-57460.000000 -53916.000000 -49930.000000 -46514.000000 -43560.000000
-57454.000000 -53912.000000 -49930.000000 -46514.000000 -43572.000000
-57460.000000 -53908.000000 -49930.000000 -46516.000000 -43568.000000
-57452.000000 -53912.000000 -49930.000000 -46516.000000 -43568.000000
-57452.000000 -53908.000000 -49922.000000 -46516.000000 -43568.000000
-57450.000000 -53912.000000 -49922.000000 -46516.000000 -43560.000000
-57444.000000 -53920.000000 -49928.000000 -46516.000000 -43552.000000
-57452.000000 -53924.000000 -49928.000000 -46512.000000 -43550.000000
-57440.000000 -53924.000000 -49920.000000 -46512.000000 -43554.000000
-57436.000000 -53904.000000 -49928.000000 -46502.000000 -43556.000000
-57436.000000 -53904.000000 -49932.000000 -46502.000000 -43552.000000
-57432.000000 -53920.000000 -49932.000000 -46512.000000 -43564.000000
-57424.000000 -53908.000000 -49932.000000 -46512.000000 -43562.000000
-57436.000000 -53904.000000 -49932.000000 -46508.000000 -43562.000000
-57432.000000 -53904.000000 -49928.000000 -46488.000000 -43578.000000
-57428.000000 -53912.000000 -49930.000000 -46492.000000 -43582.000000
-57428.000000 -53916.000000 -49938.000000 -46488.000000 -43576.000000
-57428.000000 -53916.000000 -49940.000000 -46476.000000 -43580.000000
-57428.000000 -53922.000000 -49936.000000 -46476.000000 -43576.000000
-57424.000000 -53924.000000 -49936.000000 -46468.000000 -43576.000000
-57416.000000 -53918.000000 -49932.000000 -46468.000000 -43576.000000
-57412.000000 -53910.000000 -49924.000000 -46464.000000 -43576.000000
-57412.000000 -53906.000000 -49924.000000 -46452.000000 -43572.000000
-57414.000000 -53914.000000 -49924.000000 -46452.000000 -43562.000000
-57406.000000 -53926.000000 -49932.000000 -46448.000000 -43566.000000
-57408.000000 -53918.000000 -49938.000000 -46440.000000 -43574.000000
-57408.000000 -53922.000000 -49946.000000 -46440.000000 -43578.000000
-57408.000000 -53924.000000 -49946.000000 -46442.000000 -43570.000000
-57408.000000 -53924.000000 -49946.000000 -46446.000000 -43578.000000
-57408.000000 -53928.000000 -49940.000000 -46442.000000 -43586.000000
-57408.000000 -53928.000000 -49930.000000 -46440.000000 -43586.000000
-57408.000000 -53932.000000 -49938.000000 -46436.000000 -43592.000000
-57400.000000 -53940.000000 -49932.000000 -46428.000000 -43596.000000
-57396.000000 -53942.000000 -49936.000000 -46428.000000 -43608.000000
-57396.000000 -53934.000000 -49936.000000 -46422.000000 -43614.000000
-57392.000000 -53938.000000 -49938.000000 -46430.000000 -43626.000000
-57388.000000 -53938.000000 -49944.000000 -46428.000000 -43622.000000
-57388.000000 -53938.000000 -49940.000000 -46428.000000 -43626.000000
-57392.000000 -53936.000000 -49940.000000 -46428.000000 -43622.000000
-57394.000000 -53940.000000 -49940.000000 -46436.000000 -43618.000000
-57386.000000 -53940.000000 -49940.000000 -46436.000000 -43614.000000
-57394.000000 -53936.000000 -49950.000000 -46432.000000 -43602.000000
-57390.000000 -53930.000000 -49954.000000 -46432.000000 -43596.000000
-57390.000000 -53922.000000 -49956.000000 -46436.000000 -43588.000000
-57390.000000 -53918.000000 -49958.000000 -46422.000000 -43592.000000
-57390.000000 -53922.000000 -49946.000000 -46420.000000 -43588.000000
-57390.000000 -53934.000000 -49946.000000 -46424.000000 -43586.000000
-57390.000000 -53938.000000 -49946.000000 -46422.000000 -43590.000000
-57394.000000 -53938.000000 -49946.000000 -46422.000000 -43594.000000
-57394.000000 -53936.000000 -49952.000000 -46420.000000 -43594.000000
-57394.000000 -53936.000000 -49952.000000 -46420.000000 -43598.000000
-57390.000000 -53940.000000 -49948.000000 -46416.000000 -43606.000000
-57386.000000 -53936.000000 -49936.000000 -46424.000000 -43610.000000
-57390.000000 -53936.000000 -49946.000000 -46412.000000 -43618.000000
-57382.000000 -53932.000000 -49946.000000 -46412.000000 -43614.000000
-57378.000000 -53936.000000 -49944.000000 -46416.000000 -43612.000000
-57370.000000 -53932.000000 -49948.000000 -46420.000000 -43608.000000
-57370.000000 -53936.000000 -49952.000000 -46416.000000 -43616.000000
-57370.000000 -53942.000000 -49948.000000 -46416.000000 -43612.000000
-57374.000000 -53944.000000 -49952.000000 -46428.000000 -43600.000000
-57374.000000 -53942.000000 -49954.000000 -46428.000000 -43600.000000
-57374.000000 -53936.000000 -49958.000000 -46436.000000 -43596.000000
-57358.000000 -53936.000000 -49952.000000 -46432.000000 -43600.000000
-57354.000000 -53936.000000 -49956.000000 -46414.000000 -43616.000000
-57350.000000 -53940.000000 -49956.000000 -46418.000000 -43620.000000
-57350.000000 -53936.000000 -49952.000000 -46418.000000 -43616.000000
-57350.000000 -53928.000000 -49962.000000 -46418.000000 -43620.000000
-57346.000000 -53924.000000 -49966.000000 -46414.000000 -43620.000000
-57350.000000 -53928.000000 -49958.000000 -46414.000000 -43616.000000
-57346.000000 -53936.000000 -49956.000000 -46410.000000 -43616.000000
-57346.000000 -53936.000000 -49958.000000 -46422.000000 -43612.000000
-57338.000000 -53936.000000 -49960.000000 -46418.000000 -43610.000000
-57334.000000 -53948.000000 -49960.000000 -46422.000000 -43610.000000
-57330.000000 -53948.000000 -49958.000000 -46410.000000 -43626.000000
-57310.000000 -53948.000000 -49954.000000 -46434.000000 -43618.000000
-57314.000000 -53944.000000 -49946.000000 -46432.000000 -43614.000000
-57314.000000 -53944.000000 -49954.000000 -46432.000000 -43614.000000
-57310.000000 -53948.000000 -49946.000000 -46434.000000 -43610.000000
-57316.000000 -53964.000000 -49964.000000 -46418.000000 -43616.000000
-57324.000000 -53964.000000 -49960.000000 -46412.000000 -43616.000000
-57324.000000 -53964.000000 -49952.000000 -46416.000000 -43616.000000
-57322.000000 -53954.000000 -49952.000000 -46412.000000 -43612.000000
-57322.000000 -53976.000000 -49952.000000 -46416.000000 -43612.000000
-57320.000000 -53976.000000 -49952.000000 -46406.000000 -43612.000000
-57316.000000 -53964.000000 -49964.000000 -46410.000000 -43612.000000
-57308.000000 -53958.000000 -49964.000000 -46412.000000 -43618.000000
-57312.000000 -53958.000000 -49966.000000 -46408.000000 -43616.000000
-57316.000000 -53970.000000 -49954.000000 -46416.000000 -43596.000000
-57316.000000 -53970.000000 -49956.000000 -46412.000000 -43600.000000
-57320.000000 -53962.000000 -49948.000000 -46404.000000 -43604.000000
-57332.000000 -53958.000000 -49930.000000 -46408.000000 -43608.000000
-57332.000000 -53958.000000 -49932.000000 -46416.000000 -43604.000000
-57336.000000 -53958.000000 -49932.000000 -46412.000000 -43604.000000
-57332.000000 -53964.000000 -49940.000000 -46412.000000 -43612.000000
-57332.000000 -53964.000000 -49940.000000 -46420.000000 -43620.000000
-57350.000000 -53964.000000 -49938.000000 -46424.000000 -43608.000000
-57346.000000 -53956.000000 -49938.000000 -46416.000000 -43600.000000
-57350.000000 -53956.000000 -49938.000000 -46404.000000 -43614.000000
-57350.000000 -53956.000000 -49942.000000 -46410.000000 -43620.000000
-57350.000000 -53952.000000 -49934.000000 -46410.000000 -43620.000000
-57346.000000 -53952.000000 -49942.000000 -46398.000000 -43620.000000
-57348.000000 -53948.000000 -49938.000000 -46398.000000 -43620.000000
-57348.000000 -53944.000000 -49938.000000 -46398.000000 -43612.000000
-57340.000000 -53936.000000 -49938.000000 -46394.000000 -43614.000000
-57344.000000 -53936.000000 -49944.000000 -46394.000000 -43610.000000
-57344.000000 -53944.000000 -49952.000000 -46402.000000 -43614.000000
-57346.000000 -53944.000000 -49956.000000 -46394.000000 -43602.000000
-57346.000000 -53932.000000 -49962.000000 -46394.000000 -43600.000000
-57346.000000 -53940.000000 -49954.000000 -46398.000000 -43598.000000
-57346.000000 -53936.000000 -49954.000000 -46390.000000 -43594.000000
-57346.000000 -53928.000000 -49946.000000 -46384.000000 -43590.000000
-57350.000000 -53932.000000 -49946.000000 -46382.000000 -43590.000000
-57354.000000 -53930.000000 -49954.000000 -46378.000000 -43582.000000
-57356.000000 -53938.000000 -49956.000000 -46368.000000 -43584.000000
-57350.000000 -53934.000000 -49956.000000 -46368.000000 -43580.000000
-57350.000000 -53934.000000 -49944.000000 -46366.000000 -43576.000000
-57350.000000 -53938.000000 -49944.000000 -46366.000000 -43588.000000
-57350.000000 -53942.000000 -49940.000000 -46374.000000 -43588.000000
-57354.000000 -53944.000000 -49940.000000 -46372.000000 -43580.000000
-57360.000000 -53952.000000 -49948.000000 -46380.000000 -43576.000000
-57364.000000 -53952.000000 -49952.000000 -46380.000000 -43572.000000
-57372.000000 -53952.000000 -49952.000000 -46386.000000 -43568.000000
-57380.000000 -53952.000000 -49944.000000 -46386.000000 -43568.000000
-57380.000000 -53956.000000 -49952.000000 -46380.000000 -43564.000000
-57376.000000 -53956.000000 -49956.000000 -46376.000000 -43568.000000
-57376.000000 -53956.000000 -49956.000000 -46382.000000 -43560.000000
-57376.000000 -53948.000000 -49952.000000 -46382.000000 -43548.000000
-57380.000000 -53948.000000 -49956.000000 -46374.000000 -43544.000000
-57386.000000 -53948.000000 -49952.000000 -46370.000000 -43544.000000
-57390.000000 -53940.000000 -49952.000000 -46374.000000 -43544.000000
-57390.000000 -53952.000000 -49952.000000 -46374.000000 -43562.000000
-57390.000000 -53948.000000 -49944.000000 -46382.000000 -43566.000000
-57394.000000 -53944.000000 -49944.000000 -46382.000000 -43576.000000
-57402.000000 -53936.000000 -49936.000000 -46384.000000 -43572.000000
-57406.000000 -53930.000000 -49952.000000 -46380.000000 -43576.000000
-57398.000000 -53926.000000 -49944.000000 -46380.000000 -43572.000000
-57394.000000 -53922.000000 -49948.000000 -46384.000000 -43576.000000
-57394.000000 -53910.000000 -49952.000000 -46372.000000 -43584.000000
-57386.000000 -53906.000000 -49968.000000 -46372.000000 -43572.000000
-57386.000000 -53906.000000 -49968.000000 -46356.000000 -43564.000000
-57386.000000 -53914.000000 -49976.000000 -46348.000000 -43564.000000
-57386.000000 -53916.000000 -49984.000000 -46356.000000 -43558.000000
-57382.000000 -53912.000000 -49984.000000 -46352.000000 -43556.000000
-57374.000000 -53904.000000 -50004.000000 -46356.000000 -43548.000000
-57378.000000 -53904.000000 -49996.000000 -46354.000000 -43544.000000
-57374.000000 -53900.000000 -49992.000000 -46354.000000 -43544.000000
-57374.000000 -53900.000000 -49992.000000 -46350.000000 -43548.000000
-57370.000000 -53892.000000 -49992.000000 -46366.000000 -43548.000000
-57362.000000 -53888.000000 -49988.000000 -46362.000000 -43558.000000
-57362.000000 -53884.000000 -49994.000000 -46366.000000 -43554.000000
-57362.000000 -53892.000000 -49996.000000 -46370.000000 -43566.000000
-57370.000000 -53892.000000 -49996.000000 -46374.000000 -43558.000000
-57378.000000 -53896.000000 -49992.000000 -46372.000000 -43556.000000
-57382.000000 -53900.000000 -49980.000000 -46372.000000 -43556.000000
-57374.000000 -53896.000000 -49982.000000 -46376.000000 -43556.000000
-57386.000000 -53904.000000 -49990.000000 -46380.000000 -43552.000000
-57382.000000 -53908.000000 -49998.000000 -46368.000000 -43554.000000
-57384.000000 -53904.000000 -49998.000000 -46380.000000 -43554.000000
-57384.000000 -53902.000000 -49998.000000 -46404.000000 -43546.000000
-57386.000000 -53902.000000 -49992.000000 -46404.000000 -43554.000000
-57386.000000 -53906.000000 -49988.000000 -46408.000000 -43554.000000
-57390.000000 -53910.000000 -49986.000000 -46408.000000 -43554.000000
-57390.000000 -53904.000000 -49982.000000 -46404.000000 -43552.000000
-57386.000000 -53904.000000 -49990.000000 -46406.000000 -43548.000000
-57386.000000 -53904.000000 -49992.000000 -46410.000000 -43540.000000
-57388.000000 -53904.000000 -49984.000000 -46402.000000 -43544.000000
-57388.000000 -53904.000000 -49984.000000 -46402.000000 -43544.000000
-57382.000000 -53912.000000 -49994.000000 -46406.000000 -43546.000000
-57378.000000 -53912.000000 -49980.000000 -46390.000000 -43546.000000
-57376.000000 -53916.000000 -49972.000000 -46394.000000 -43546.000000
-57376.000000 -53914.000000 -49972.000000 -46392.000000 -43546.000000
-57376.000000 -53916.000000 -49972.000000 -46392.000000 -43542.000000
-57380.000000 -53920.000000 -49964.000000 -46394.000000 -43544.000000
-57376.000000 -53920.000000 -49964.000000 -46390.000000 -43536.000000
-57378.000000 -53922.000000 -49972.000000 -46386.000000 -43536.000000
-57378.000000 -53922.000000 -49966.000000 -46386.000000 -43532.000000
-57370.000000 -53914.000000 -49968.000000 -46380.000000 -43516.000000
-57366.000000 -53910.000000 -49970.000000 -46388.000000 -43512.000000
-57366.000000 -53914.000000 -49970.000000 -46390.000000 -43510.000000
-57366.000000 -53916.000000 -49970.000000 -46384.000000 -43506.000000
-57366.000000 -53920.000000 -49974.000000 -46384.000000 -43502.000000
-57370.000000 -53920.000000 -49962.000000 -46380.000000 -43508.000000
-57374.000000 -53916.000000 -49956.000000 -46380.000000 -43504.000000
-57378.000000 -53914.000000 -49958.000000 -46392.000000 -43496.000000
-57376.000000 -53910.000000 -49962.000000 -46392.000000 -43504.000000
-57380.000000 -53906.000000 -49966.000000 -46392.000000 -43500.000000
-57380.000000 -53910.000000 -49958.000000 -46394.000000 -43504.000000
-57380.000000 -53910.000000 -49966.000000 -46394.000000 -43512.000000
-57380.000000 -53910.000000 -49962.000000 -46394.000000 -43506.000000
-57388.000000 -53906.000000 -49962.000000 -46402.000000 -43502.000000
-57384.000000 -53910.000000 -49970.000000 -46406.000000 -43494.000000
-57388.000000 -53906.000000 -49974.000000 -46404.000000 -43486.000000
-57388.000000 -53902.000000 -49970.000000 -46400.000000 -43486.000000
-57388.000000 -53902.000000 -49978.000000 -46392.000000 -43486.000000
-57404.000000 -53910.000000 -49982.000000 -46396.000000 -43482.000000
-57404.000000 -53910.000000 -49978.000000 -46398.000000 -43478.000000
-57404.000000 -53914.000000 -49970.000000 -46398.000000 -43486.000000
-57390.000000 -53914.000000 -49970.000000 -46402.000000 -43482.000000
-57390.000000 -53910.000000 -49970.000000 -46402.000000 -43482.000000
-57390.000000 -53914.000000 -49966.000000 -46400.000000 -43490.000000
-57384.000000 -53914.000000 -49976.000000 -46398.000000 -43506.000000
-57388.000000 -53914.000000 -49970.000000 -46390.000000 -43510.000000
-57388.000000 -53908.000000 -49970.000000 -46396.000000 -43506.000000
-57396.000000 -53904.000000 -49976.000000 -46396.000000 -43506.000000
-57396.000000 -53890.000000 -49980.000000 -46396.000000 -43506.000000
-57390.000000 -53890.000000 -49988.000000 -46384.000000 -43502.000000
-57388.000000 -53888.000000 -49990.000000 -46384.000000 -43502.000000
-57384.000000 -53892.000000 -49990.000000 -46390.000000 -43502.000000
-57384.000000 -53892.000000 -49982.000000 -46382.000000 -43494.000000
-57384.000000 -53900.000000 -49982.000000 -46386.000000 -43490.000000
-57384.000000 -53908.000000 -49978.000000 -46398.000000 -43494.000000
-57384.000000 -53920.000000 -49978.000000 -46398.000000 -43498.000000
-57384.000000 -53920.000000 -49970.000000 -46398.000000 -43502.000000
-57384.000000 -53920.000000 -49962.000000 -46402.000000 -43506.000000
-57388.000000 -53916.000000 -49970.000000 -46402.000000 -43496.000000
-57394.000000 -53914.000000 -49974.000000 -46408.000000 -43496.000000
-57396.000000 -53912.000000 -49970.000000 -46408.000000 -43504.000000
-57396.000000 -53908.000000 -49970.000000 -46416.000000 -43506.000000
-57396.000000 -53908.000000 -49960.000000 -46408.000000 -43500.000000
-57404.000000 -53908.000000 -49968.000000 -46408.000000 -43500.000000
-57410.000000 -53908.000000 -49968.000000 -46416.000000 -43500.000000
-57418.000000 -53908.000000 -49966.000000 -46420.000000 -43496.000000
-57418.000000 -53908.000000 -49962.000000 -46414.000000 -43504.000000
-57418.000000 -53916.000000 -49962.000000 -46416.000000 -43506.000000
-57418.000000 -53924.000000 -49966.000000 -46412.000000 -43512.000000
-57410.000000 -53928.000000 -49966.000000 -46416.000000 -43508.000000
-57416.000000 -53924.000000 -49966.000000 -46408.000000 -43516.000000
-57416.000000 -53920.000000 -49958.000000 -46408.000000 -43518.000000
-57420.000000 -53920.000000 -49954.000000 -46420.000000 -43518.000000
-57422.000000 -53928.000000 -49954.000000 -46424.000000 -43518.000000
-57422.000000 -53924.000000 -49946.000000 -46426.000000 -43518.000000
-57422.000000 -53924.000000 -49946.000000 -46426.000000 -43514.000000
-57426.000000 -53912.000000 -49954.000000 -46422.000000 -43518.000000
-57430.000000 -53902.000000 -49942.000000 -46430.000000 -43502.000000
-57430.000000 -53898.000000 -49938.000000 -46426.000000 -43502.000000
-57434.000000 -53898.000000 -49938.000000 -46432.000000 -43498.000000
-57432.000000 -53898.000000 -49916.000000 -46436.000000 -43494.000000
-57432.000000 -53902.000000 -49912.000000 -46444.000000 -43504.000000
-57428.000000 -53906.000000 -49918.000000 -46448.000000 -43496.000000
-57428.000000 -53908.000000 -49914.000000 -46458.000000 -43490.000000
-57424.000000 -53908.000000 -49914.000000 -46466.000000 -43486.000000
-57418.000000 -53916.000000 -49918.000000 -46474.000000 -43492.000000
-57418.000000 -53916.000000 -49914.000000 -46486.000000 -43488.000000
-57414.000000 -53912.000000 -49912.000000 -46494.000000 -43496.000000
-57414.000000 -53904.000000 -49908.000000 -46494.000000 -43490.000000
-57414.000000 -53904.000000 -49912.000000 -46490.000000 -43494.000000
-57412.000000 -53908.000000 -49908.000000 -46482.000000 -43504.000000
-57408.000000 -53908.000000 -49900.000000 -46462.000000 -43498.000000
-57408.000000 -53910.000000 -49900.000000 -46462.000000 -43486.000000
-57404.000000 -53910.000000 -49900.000000 -46458.000000 -43498.000000
-57400.000000 -53918.000000 -49900.000000 -46452.000000 -43504.000000
-57400.000000 -53918.000000 -49908.000000 -46448.000000 -43500.000000
-57400.000000 -53922.000000 -49908.000000 -46452.000000 -43500.000000
-57400.000000 -53922.000000 -49908.000000 -46452.000000 -43496.000000
-57392.000000 -53916.000000 -49904.000000 -46448.000000 -43492.000000
-57388.000000 -53916.000000 -49896.000000 -46448.000000 -43494.000000
-57392.000000 -53906.000000 -49896.000000 -46452.000000 -43484.000000
-57390.000000 -53908.000000 -49892.000000 -46456.000000 -43488.000000
-57390.000000 -53928.000000 -49888.000000 -46456.000000 -43484.000000
-57386.000000 -53932.000000 -49888.000000 -46464.000000 -43490.000000
-57374.000000 -53928.000000 -49892.000000 -46464.000000 -43490.000000
-57382.000000 -53928.000000 -49900.000000 -46468.000000 -43498.000000
-57394.000000 -53912.000000 -49900.000000 -46464.000000 -43498.000000
-57394.000000 -53914.000000 -49904.000000 -46458.000000 -43498.000000
-57386.000000 -53906.000000 -49910.000000 -46458.000000 -43500.000000
-57384.000000 -53910.000000 -49906.000000 -46458.000000 -43506.000000
-57380.000000 -53910.000000 -49902.000000 -46460.000000 -43506.000000
-57380.000000 -53906.000000 -49910.000000 -46456.000000 -43506.000000
-57384.000000 -53914.000000 -49914.000000 -46458.000000 -43514.000000
-57392.000000 -53920.000000 -49914.000000 -46458.000000 -43518.000000
-57394.000000 -53942.000000 -49898.000000 -46466.000000 -43526.000000
-57394.000000 -53942.000000 -49896.000000 -46480.000000 -43522.000000
-57398.000000 -53942.000000 -49896.000000 -46472.000000 -43522.000000
-57398.000000 -53942.000000 -49890.000000 -46476.000000 -43530.000000
-57396.000000 -53934.000000 -49882.000000 -46476.000000 -43528.000000
-57392.000000 -53934.000000 -49878.000000 -46472.000000 -43536.000000
-57388.000000 -53930.000000 -49882.000000 -46482.000000 -43528.000000
-57390.000000 -53930.000000 -49874.000000 -46474.000000 -43528.000000
-57392.000000 -53928.000000 -49878.000000 -46482.000000 -43524.000000
-57392.000000 -53932.000000 -49880.000000 -46486.000000 -43538.000000
-57392.000000 -53932.000000 -49872.000000 -46474.000000 -43536.000000
-57396.000000 -53940.000000 -49882.000000 -46474.000000 -43532.000000
-57400.000000 -53936.000000 -49874.000000 -46482.000000 -43540.000000
-57408.000000 -53940.000000 -49876.000000 -46470.000000 -43548.000000
-57404.000000 -53928.000000 -49876.000000 -46478.000000 -43552.000000
-57408.000000 -53924.000000 -49876.000000 -46466.000000 -43552.000000
-57408.000000 -53924.000000 -49876.000000 -46464.000000 -43552.000000
-57408.000000 -53916.000000 -49872.000000 -46464.000000 -43558.000000
-57402.000000 -53910.000000 -49868.000000 -46468.000000 -43560.000000
-57406.000000 -53914.000000 -49868.000000 -46472.000000 -43556.000000
-57402.000000 -53914.000000 -49868.000000 -46468.000000 -43552.000000
-57404.000000 -53910.000000 -49876.000000 -46464.000000 -43542.000000
-57408.000000 -53906.000000 -49868.000000 -46464.000000 -43542.000000
-57418.000000 -53908.000000 -49870.000000 -46468.000000 -43542.000000
-57424.000000 -53912.000000 -49870.000000 -46460.000000 -43546.000000
-57424.000000 -53920.000000 -49874.000000 -46472.000000 -43538.000000
-57416.000000 -53928.000000 -49870.000000 -46472.000000 -43550.000000
-57416.000000 -53940.000000 -49870.000000 -46464.000000 -43558.000000
-57408.000000 -53936.000000 -49854.000000 -46468.000000 -43556.000000
-57408.000000 -53948.000000 -49846.000000 -46474.000000 -43552.000000
-57408.000000 -53948.000000 -49846.000000 -46478.000000 -43552.000000
-57416.000000 -53948.000000 -49846.000000 -46478.000000 -43552.000000
-57420.000000 -53950.000000 -49854.000000 -46492.000000 -43548.000000
-57420.000000 -53946.000000 -49850.000000 -46486.000000 -43548.000000
-57436.000000 -53950.000000 -49858.000000 -46494.000000 -43540.000000
-57440.000000 -53958.000000 -49848.000000 -46494.000000 -43534.000000
-57440.000000 -53960.000000 -49848.000000 -46490.000000 -43526.000000
-57444.000000 -53956.000000 -49848.000000 -46484.000000 -43528.000000
-57444.000000 -53954.000000 -49848.000000 -46476.000000 -43528.000000
-57444.000000 -53954.000000 -49848.000000 -46472.000000 -43534.000000
-57444.000000 -53962.000000 -49852.000000 -46464.000000 -43534.000000
-57452.000000 -53960.000000 -49864.000000 -46466.000000 -43534.000000
-57448.000000 -53954.000000 -49884.000000 -46466.000000 -43534.000000
-57448.000000 -53962.000000 -49896.000000 -46458.000000 -43530.000000
-57448.000000 -53966.000000 -49896.000000 -46458.000000 -43530.000000
-57448.000000 -53966.000000 -49902.000000 -46458.000000 -43530.000000
-57440.000000 -53974.000000 -49906.000000 -46454.000000 -43534.000000
-57444.000000 -53968.000000 -49908.000000 -46462.000000 -43532.000000
-57444.000000 -53976.000000 -49910.000000 -46458.000000 -43528.000000
-57448.000000 -53976.000000 -49910.000000 -46454.000000 -43532.000000
-57448.000000 -53976.000000 -49922.000000 -46442.000000 -43514.000000
-57452.000000 -53976.000000 -49922.000000 -46442.000000 -43524.000000
-57456.000000 -53964.000000 -49926.000000 -46446.000000 -43514.000000
-57448.000000 -53964.000000 -49926.000000 -46442.000000 -43522.000000
-57444.000000 -53964.000000 -49928.000000 -46438.000000 -43518.000000
-57448.000000 -53964.000000 -49928.000000 -46430.000000 -43514.000000
-57448.000000 -53960.000000 -49930.000000 -46434.000000 -43514.000000
-57440.000000 -53956.000000 -49934.000000 -46440.000000 -43522.000000
-57444.000000 -53960.000000 -49948.000000 -46440.000000 -43518.000000
-57432.000000 -53960.000000 -49948.000000 -46432.000000 -43522.000000
-57440.000000 -53976.000000 -49948.000000 -46444.000000 -43528.000000
-57448.000000 -53972.000000 -49940.000000 -46430.000000 -43536.000000
-57448.000000 -53968.000000 -49942.000000 -46424.000000 -43536.000000
-57448.000000 -53964.000000 -49942.000000 -46424.000000 -43544.000000
-57448.000000 -53968.000000 -49954.000000 -46424.000000 -43556.000000
-57456.000000 -53968.000000 -49964.000000 -46442.000000 -43556.000000
-57460.000000 -53982.000000 -49964.000000 -46454.000000 -43564.000000
-57458.000000 -53990.000000 -49964.000000 -46444.000000 -43564.000000
-57458.000000 -53994.000000 -49964.000000 -46436.000000 -43564.000000
-57478.000000 -53998.000000 -49964.000000 -46442.000000 -43568.000000
-57474.000000 -53998.000000 -49956.000000 -46430.000000 -43572.000000
-57474.000000 -53994.000000 -49954.000000 -46434.000000 -43568.000000
-57480.000000 -53994.000000 -49964.000000 -46434.000000 -43576.000000
-57480.000000 -53994.000000 -49972.000000 -46440.000000 -43588.000000
-57468.000000 -53994.000000 -49972.000000 -46440.000000 -43588.000000
-57464.000000 -53994.000000 -49972.000000 -46444.000000 -43588.000000
-57464.000000 -53990.000000 -49972.000000 -46440.000000 -43580.000000
-57456.000000 -53990.000000 -49968.000000 -46432.000000 -43582.000000
-57458.000000 -53990.000000 -49962.000000 -46444.000000 -43586.000000
-57450.000000 -53986.000000 -49968.000000 -46468.000000 -43578.000000
-57450.000000 -53986.000000 -49968.000000 -46480.000000 -43566.000000
-57446.000000 -53986.000000 -49968.000000 -46476.000000 -43566.000000
-57446.000000 -53986.000000 -49968.000000 -46472.000000 -43558.000000
-57446.000000 -53986.000000 -49968.000000 -46464.000000 -43550.000000
-57446.000000 -53986.000000 -49960.000000 -46464.000000 -43558.000000
-57444.000000 -53986.000000 -49956.000000 -46466.000000 -43558.000000
-57442.000000 -53982.000000 -49948.000000 -46470.000000 -43554.000000
-57442.000000 -53982.000000 -49946.000000 -46474.000000 -43560.000000
-57450.000000 -53980.000000 -49946.000000 -46482.000000 -43560.000000
-57442.000000 -53968.000000 -49942.000000 -46478.000000 -43560.000000
-57440.000000 -53964.000000 -49942.000000 -46482.000000 -43564.000000
-57440.000000 -53964.000000 -49942.000000 -46482.000000 -43544.000000
-57440.000000 -53964.000000 -49946.000000 -46494.000000 -43544.000000
-57436.000000 -53952.000000 -49940.000000 -46498.000000 -43540.000000
-57438.000000 -53952.000000 -49942.000000 -46506.000000 -43528.000000
-57444.000000 -53952.000000 -49942.000000 -46498.000000 -43532.000000
-57440.000000 -53952.000000 -49938.000000 -46506.000000 -43534.000000
-57432.000000 -53948.000000 -49940.000000 -46506.000000 -43544.000000
-57432.000000 -53948.000000 -49956.000000 -46502.000000 -43552.000000
-57432.000000 -53952.000000 -49964.000000 -46498.000000 -43548.000000
-57430.000000 -53952.000000 -49956.000000 -46498.000000 -43548.000000
-57426.000000 -53964.000000 -49968.000000 -46498.000000 -43544.000000
-57422.000000 -53972.000000 -49970.000000 -46498.000000 -43544.000000
-57430.000000 -53972.000000 -49966.000000 -46504.000000 -43544.000000
-57430.000000 -53970.000000 -49966.000000 -46496.000000 -43548.000000
-57434.000000 -53966.000000 -49966.000000 -46496.000000 -43560.000000
-57434.000000 -53962.000000 -49966.000000 -46492.000000 -43546.000000
-57434.000000 -53962.000000 -49968.000000 -46478.000000 -43550.000000
-57436.000000 -53952.000000 -49976.000000 -46482.000000 -43554.000000
-57436.000000 -53952.000000 -49972.000000 -46478.000000 -43536.000000
-57440.000000 -53940.000000 -49980.000000 -46470.000000 -43532.000000
-57440.000000 -53940.000000 -49988.000000 -46486.000000 -43528.000000
-57440.000000 -53948.000000 -49996.000000 -46486.000000 -43528.000000
-57432.000000 -53944.000000 -49998.000000 -46484.000000 -43540.000000
-57438.000000 -53948.000000 -50000.000000 -46480.000000 -43536.000000
-57438.000000 -53948.000000 -50006.000000 -46480.000000 -43536.000000
-57438.000000 -53948.000000 -49998.000000 -46480.000000 -43532.000000
-57446.000000 -53952.000000 -49990.000000 -46488.000000 -43546.000000
-57446.000000 -53956.000000 -49994.000000 -46484.000000 -43542.000000
-57446.000000 -53946.000000 -49994.000000 -46480.000000 -43538.000000
-57442.000000 -53946.000000 -50000.000000 -46480.000000 -43532.000000
-57446.000000 -53950.000000 -50004.000000 -46476.000000 -43528.000000
-57454.000000 -53942.000000 -50008.000000 -46476.000000 -43532.000000
-57454.000000 -53942.000000 -50008.000000 -46476.000000 -43540.000000
-57458.000000 -53948.000000 -50008.000000 -46472.000000 -43554.000000
-57458.000000 -53944.000000 -50012.000000 -46488.000000 -43554.000000
-57454.000000 -53944.000000 -50012.000000 -46492.000000 -43556.000000
-57450.000000 -53944.000000 -50002.000000 -46496.000000 -43556.000000
-57450.000000 -53952.000000 -50002.000000 -46496.000000 -43552.000000
-57442.000000 -53956.000000 -50002.000000 -46482.000000 -43548.000000
-57442.000000 -53956.000000 -49990.000000 -46488.000000 -43534.000000
-57448.000000 -53952.000000 -49982.000000 -46482.000000 -43542.000000
-57452.000000 -53948.000000 -50000.000000 -46486.000000 -43550.000000
-57464.000000 -53942.000000 -50012.000000 -46482.000000 -43554.000000
-57464.000000 -53950.000000 -50008.000000 -46482.000000 -43550.000000
-57468.000000 -53950.000000 -50008.000000 -46478.000000 -43538.000000
-57476.000000 -53946.000000 -50016.000000 -46468.000000 -43526.000000
-57476.000000 -53946.000000 -50016.000000 -46468.000000 -43526.000000
-57476.000000 -53942.000000 -50016.000000 -46456.000000 -43534.000000
-57472.000000 -53942.000000 -50016.000000 -46452.000000 -43538.000000
-57474.000000 -53942.000000 -50020.000000 -46462.000000 -43526.000000
-57474.000000 -53950.000000 -50016.000000 -46456.000000 -43522.000000
-57474.000000 -53950.000000 -50016.000000 -46458.000000 -43526.000000
-57470.000000 -53948.000000 -50020.000000 -46450.000000 -43534.000000
-57470.000000 -53944.000000 -50022.000000 -46442.000000 -43534.000000
-57458.000000 -53948.000000 -50030.000000 -46442.000000 -43538.000000
-57466.000000 -53960.000000 -50030.000000 -46438.000000 -43538.000000
-57472.000000 -53956.000000 -50022.000000 -46434.000000 -43544.000000
-57472.000000 -53966.000000 -50022.000000 -46442.000000 -43544.000000
-57476.000000 -53964.000000 -50026.000000 -46442.000000 -43536.000000
-57476.000000 -53964.000000 -50034.000000 -46444.000000 -43526.000000
-57472.000000 -53972.000000 -50042.000000 -46448.000000 -43526.000000
-57484.000000 -53964.000000 -50038.000000 -46448.000000 -43526.000000
-57482.000000 -53968.000000 -50036.000000 -46456.000000 -43518.000000
-57482.000000 -53968.000000 -50036.000000 -46456.000000 -43510.000000
-57490.000000 -53968.000000 -50034.000000 -46464.000000 -43502.000000
-57490.000000 -53968.000000 -50034.000000 -46464.000000 -43502.000000
-57496.000000 -53974.000000 -50034.000000 -46470.000000 -43502.000000
-57502.000000 -53974.000000 -50038.000000 -46478.000000 -43494.000000
-57506.000000 -53974.000000 -50026.000000 -46476.000000 -43494.000000
-57512.000000 -53982.000000 -50030.000000 -46476.000000 -43498.000000
-57510.000000 -53990.000000 -50026.000000 -46480.000000 -43492.000000
-57500.000000 -53990.000000 -50024.000000 -46478.000000 -43500.000000
-57500.000000 -53982.000000 -50022.000000 -46474.000000 -43502.000000
-57500.000000 -53978.000000 -50022.000000 -46478.000000 -43498.000000
-57488.000000 -53974.000000 -50012.000000 -46478.000000 -43502.000000
-57486.000000 -53974.000000 -50012.000000 -46488.000000 -43502.000000
-57486.000000 -53970.000000 -50012.000000 -46488.000000 -43502.000000
-57486.000000 -53970.000000 -50000.000000 -46488.000000 -43498.000000
-57474.000000 -53968.000000 -50000.000000 -46488.000000 -43502.000000
-57468.000000 -53968.000000 -50004.000000 -46480.000000 -43494.000000
-57472.000000 -53968.000000 -50004.000000 -46492.000000 -43494.000000
-57466.000000 -53968.000000 -50004.000000 -46506.000000 -43494.000000
-57466.000000 -53962.000000 -50008.000000 -46500.000000 -43486.000000
-57462.000000 -53966.000000 -50004.000000 -46494.000000 -43486.000000
-57454.000000 -53972.000000 -50014.000000 -46494.000000 -43506.000000
-57442.000000 -53972.000000 -50012.000000 -46490.000000 -43510.000000
-57438.000000 -53972.000000 -50010.000000 -46494.000000 -43518.000000
-57438.000000 -53976.000000 -50010.000000 -46498.000000 -43522.000000
