2.000000 2.125000 2.250000 2.375000 2.500000
-538.000000 4538.000000 2188.000000 -1660.000000 1298.000000
-538.000000 4542.000000 2188.000000 -1662.000000 1300.000000
-538.000000 4536.000000 2190.000000 -1662.000000 1302.000000
-542.000000 4534.000000 2182.000000 -1664.000000 1296.000000
-548.000000 4528.000000 2182.000000 -1670.000000 1306.000000
-546.000000 4530.000000 2180.000000 -1666.000000 1300.000000
-542.000000 4532.000000 2182.000000 -1664.000000 1300.000000
-542.000000 4530.000000 2184.000000 -1664.000000 1300.000000
-540.000000 4526.000000 2180.000000 -1658.000000 1298.000000
-540.000000 4524.000000 2180.000000 -1662.000000 1294.000000
-542.000000 4526.000000 2182.000000 -1664.000000 1294.000000
-538.000000 4526.000000 2182.000000 -1658.000000 1294.000000
-536.000000 4524.000000 2186.000000 -1658.000000 1300.000000
-534.000000 4526.000000 2182.000000 -1662.000000 1302.000000
-530.000000 4522.000000 2178.000000 -1658.000000 1302.000000
-530.000000 4522.000000 2176.000000 -1656.000000 1306.000000
-534.000000 4524.000000 2182.000000 -1660.000000 1306.000000
-534.000000 4516.000000 2188.000000 -1660.000000 1308.000000
-534.000000 4518.000000 2186.000000 -1658.000000 1314.000000
-534.000000 4518.000000 2184.000000 -1656.000000 1314.000000
-534.000000 4516.000000 2186.000000 -1650.000000 1316.000000
-534.000000 4514.000000 2192.000000 -1650.000000 1312.000000
-536.000000 4520.000000 2190.000000 -1646.000000 1312.000000
-538.000000 4518.000000 2190.000000 -1644.000000 1306.000000
-538.000000 4518.000000 2192.000000 -1642.000000 1306.000000
-538.000000 4520.000000 2188.000000 -1640.000000 1306.000000
-538.000000 4524.000000 2190.000000 -1642.000000 1304.000000
-534.000000 4522.000000 2188.000000 -1638.000000 1310.000000
-538.000000 4522.000000 2186.000000 -1640.000000 1310.000000
-536.000000 4520.000000 2182.000000 -1638.000000 1308.000000
-534.000000 4526.000000 2180.000000 -1640.000000 1314.000000
-536.000000 4524.000000 2176.000000 -1640.000000 1312.000000
-536.000000 4524.000000 2172.000000 -1632.000000 1312.000000
-536.000000 4520.000000 2172.000000 -1634.000000 1312.000000
-540.000000 4522.000000 2178.000000 -1634.000000 1308.000000
-540.000000 4514.000000 2182.000000 -1634.000000 1304.000000
-540.000000 4514.000000 2176.000000 -1634.000000 1306.000000
-542.000000 4516.000000 2176.000000 -1630.000000 1304.000000
-542.000000 4522.000000 2174.000000 -1634.000000 1304.000000
-546.000000 4520.000000 2174.000000 -1642.000000 1306.000000
-548.000000 4524.000000 2182.000000 -1642.000000 1304.000000
-540.000000 4522.000000 2186.000000 -1644.000000 1304.000000
-538.000000 4520.000000 2186.000000 -1646.000000 1300.000000
-538.000000 4518.000000 2180.000000 -1642.000000 1304.000000
-540.000000 4518.000000 2180.000000 -1644.000000 1308.000000
-542.000000 4518.000000 2180.000000 -1652.000000 1308.000000
-540.000000 4520.000000 2182.000000 -1652.000000 1310.000000
-536.000000 4520.000000 2186.000000 -1654.000000 1308.000000
-536.000000 4520.000000 2186.000000 -1658.000000 1318.000000
-536.000000 4522.000000 2186.000000 -1658.000000 1312.000000
-532.000000 4522.000000 2188.000000 -1656.000000 1312.000000
-526.000000 4526.000000 2186.000000 -1656.000000 1312.000000
-528.000000 4524.000000 2190.000000 -1658.000000 1310.000000
-524.000000 4526.000000 2192.000000 -1662.000000 1302.000000
-524.000000 4526.000000 2190.000000 -1668.000000 1304.000000
-524.000000 4530.000000 2200.000000 -1662.000000 1300.000000
-524.000000 4534.000000 2200.000000 -1662.000000 1294.000000
-520.000000 4534.000000 2202.000000 -1666.000000 1290.000000
-516.000000 4532.000000 2200.000000 -1668.000000 1292.000000
-516.000000 4534.000000 2206.000000 -1668.000000 1298.000000
-518.000000 4536.000000 2206.000000 -1668.000000 1300.000000
-516.000000 4536.000000 2210.000000 -1668.000000 1302.000000
-518.000000 4536.000000 2218.000000 -1668.000000 1298.000000
-514.000000 4536.000000 2216.000000 -1668.000000 1300.000000
-514.000000 4540.000000 2220.000000 -1668.000000 1302.000000
-514.000000 4538.000000 2212.000000 -1670.000000 1300.000000
-512.000000 4536.000000 2210.000000 -1676.000000 1304.000000
-516.000000 4536.000000 2214.000000 -1680.000000 1306.000000
-516.000000 4530.000000 2214.000000 -1676.000000 1302.000000
-516.000000 4530.000000 2214.000000 -1674.000000 1300.000000
-518.000000 4534.000000 2212.000000 -1672.000000 1302.000000
-516.000000 4536.000000 2218.000000 -1672.000000 1300.000000
-516.000000 4536.000000 2218.000000 -1672.000000 1294.000000
-516.000000 4542.000000 2218.000000 -1676.000000 1292.000000
-512.000000 4538.000000 2210.000000 -1680.000000 1290.000000
-514.000000 4534.000000 2212.000000 -1680.000000 1288.000000
-512.000000 4534.000000 2210.000000 -1680.000000 1284.000000
-516.000000 4538.000000 2208.000000 -1676.000000 1280.000000
-516.000000 4538.000000 2208.000000 -1678.000000 1284.000000
-516.000000 4536.000000 2210.000000 -1670.000000 1290.000000
-516.000000 4538.000000 2208.000000 -1674.000000 1292.000000
-516.000000 4540.000000 2208.000000 -1678.000000 1296.000000
-516.000000 4536.000000 2218.000000 -1674.000000 1296.000000
-518.000000 4534.000000 2230.000000 -1674.000000 1294.000000
-518.000000 4532.000000 2230.000000 -1672.000000 1290.000000
-522.000000 4530.000000 2228.000000 -1682.000000 1294.000000
-526.000000 4530.000000 2226.000000 -1682.000000 1296.000000
-526.000000 4524.000000 2232.000000 -1680.000000 1286.000000
-524.000000 4526.000000 2226.000000 -1676.000000 1292.000000
-524.000000 4522.000000 2230.000000 -1676.000000 1298.000000
-522.000000 4520.000000 2230.000000 -1680.000000 1292.000000
-518.000000 4524.000000 2228.000000 -1686.000000 1294.000000
-516.000000 4526.000000 2230.000000 -1690.000000 1294.000000
-516.000000 4526.000000 2232.000000 -1686.000000 1296.000000
-520.000000 4522.000000 2238.000000 -1684.000000 1300.000000
-520.000000 4524.000000 2236.000000 -1684.000000 1302.000000
-518.000000 4524.000000 2234.000000 -1684.000000 1300.000000
-514.000000 4522.000000 2236.000000 -1686.000000 1300.000000
-516.000000 4520.000000 2234.000000 -1688.000000 1298.000000
-518.000000 4518.000000 2236.000000 -1688.000000 1300.000000
-518.000000 4518.000000 2236.000000 -1692.000000 1308.000000
-518.000000 4518.000000 2236.000000 -1692.000000 1308.000000
-522.000000 4516.000000 2236.000000 -1694.000000 1306.000000
-524.000000 4518.000000 2246.000000 -1698.000000 1302.000000
-526.000000 4518.000000 2244.000000 -1698.000000 1306.000000
-528.000000 4518.000000 2244.000000 -1706.000000 1306.000000
-526.000000 4520.000000 2248.000000 -1708.000000 1306.000000
-526.000000 4518.000000 2246.000000 -1712.000000 1300.000000
-522.000000 4520.000000 2246.000000 -1710.000000 1302.000000
-524.000000 4524.000000 2244.000000 -1712.000000 1302.000000
-526.000000 4522.000000 2246.000000 -1716.000000 1302.000000
-522.000000 4518.000000 2240.000000 -1710.000000 1298.000000
-520.000000 4518.000000 2236.000000 -1706.000000 1302.000000
-518.000000 4518.000000 2232.000000 -1708.000000 1304.000000
-518.000000 4518.000000 2234.000000 -1712.000000 1298.000000
-520.000000 4516.000000 2240.000000 -1712.000000 1292.000000
-522.000000 4522.000000 2236.000000 -1710.000000 1292.000000
-522.000000 4524.000000 2238.000000 -1708.000000 1292.000000
-520.000000 4522.000000 2236.000000 -1704.000000 1290.000000
-516.000000 4520.000000 2238.000000 -1702.000000 1288.000000
-516.000000 4518.000000 2238.000000 -1704.000000 1290.000000
-512.000000 4518.000000 2236.000000 -1700.000000 1290.000000
-512.000000 4518.000000 2236.000000 -1692.000000 1290.000000
-510.000000 4512.000000 2232.000000 -1688.000000 1284.000000
-510.000000 4508.000000 2234.000000 -1690.000000 1280.000000
-510.000000 4506.000000 2234.000000 -1694.000000 1270.000000
-514.000000 4508.000000 2232.000000 -1694.000000 1268.000000
-514.000000 4508.000000 2232.000000 -1694.000000 1268.000000
-514.000000 4508.000000 2232.000000 -1698.000000 1274.000000
-516.000000 4508.000000 2232.000000 -1698.000000 1264.000000
-514.000000 4506.000000 2230.000000 -1698.000000 1262.000000
-512.000000 4508.000000 2232.000000 -1696.000000 1258.000000
-514.000000 4508.000000 2236.000000 -1700.000000 1264.000000
-516.000000 4512.000000 2238.000000 -1698.000000 1268.000000
-514.000000 4518.000000 2242.000000 -1698.000000 1272.000000
-512.000000 4512.000000 2246.000000 -1696.000000 1278.000000
-510.000000 4510.000000 2246.000000 -1698.000000 1280.000000
-514.000000 4508.000000 2244.000000 -1702.000000 1286.000000
-514.000000 4516.000000 2246.000000 -1700.000000 1278.000000
-508.000000 4520.000000 2242.000000 -1696.000000 1276.000000
-508.000000 4524.000000 2240.000000 -1690.000000 1272.000000
-512.000000 4522.000000 2238.000000 -1688.000000 1270.000000
-512.000000 4528.000000 2234.000000 -1686.000000 1270.000000
-514.000000 4532.000000 2238.000000 -1686.000000 1268.000000
-510.000000 4528.000000 2240.000000 -1684.000000 1270.000000
-508.000000 4524.000000 2242.000000 -1684.000000 1274.000000
-506.000000 4522.000000 2242.000000 -1682.000000 1272.000000
-502.000000 4524.000000 2240.000000 -1684.000000 1276.000000
-498.000000 4522.000000 2240.000000 -1690.000000 1276.000000
-498.000000 4526.000000 2238.000000 -1690.000000 1272.000000
-500.000000 4520.000000 2236.000000 -1694.000000 1270.000000
-502.000000 4526.000000 2232.000000 -1692.000000 1266.000000
-504.000000 4528.000000 2232.000000 -1696.000000 1266.000000
-512.000000 4526.000000 2236.000000 -1692.000000 1262.000000
-512.000000 4526.000000 2238.000000 -1690.000000 1260.000000
-508.000000 4526.000000 2238.000000 -1690.000000 1266.000000
-510.000000 4534.000000 2240.000000 -1688.000000 1262.000000
-506.000000 4534.000000 2238.000000 -1680.000000 1260.000000
-506.000000 4538.000000 2238.000000 -1678.000000 1252.000000
-508.000000 4540.000000 2236.000000 -1678.000000 1256.000000
-506.000000 4540.000000 2234.000000 -1676.000000 1258.000000
-506.000000 4540.000000 2234.000000 -1678.000000 1258.000000
-510.000000 4532.000000 2238.000000 -1674.000000 1256.000000
-512.000000 4534.000000 2242.000000 -1670.000000 1248.000000
-518.000000 4536.000000 2242.000000 -1672.000000 1252.000000
-518.000000 4536.000000 2246.000000 -1672.000000 1256.000000
-524.000000 4536.000000 2250.000000 -1674.000000 1252.000000
-522.000000 4540.000000 2250.000000 -1678.000000 1252.000000
-518.000000 4542.000000 2252.000000 -1672.000000 1252.000000
-514.000000 4544.000000 2262.000000 -1666.000000 1256.000000
-514.000000 4544.000000 2256.000000 -1662.000000 1260.000000
-516.000000 4542.000000 2254.000000 -1668.000000 1260.000000
-514.000000 4544.000000 2256.000000 -1668.000000 1254.000000
-516.000000 4544.000000 2262.000000 -1668.000000 1260.000000
-514.000000 4538.000000 2266.000000 -1666.000000 1258.000000
-516.000000 4540.000000 2264.000000 -1664.000000 1256.000000
-518.000000 4538.000000 2264.000000 -1666.000000 1252.000000
-520.000000 4538.000000 2266.000000 -1668.000000 1258.000000
-522.000000 4542.000000 2262.000000 -1672.000000 1256.000000
-518.000000 4544.000000 2260.000000 -1662.000000 1254.000000
-516.000000 4548.000000 2262.000000 -1660.000000 1254.000000
-512.000000 4552.000000 2260.000000 -1662.000000 1262.000000
-508.000000 4556.000000 2260.000000 -1662.000000 1258.000000
-508.000000 4558.000000 2258.000000 -1664.000000 1256.000000
-508.000000 4554.000000 2266.000000 -1664.000000 1254.000000
-508.000000 4552.000000 2266.000000 -1662.000000 1252.000000
-504.000000 4552.000000 2270.000000 -1658.000000 1252.000000
-504.000000 4552.000000 2268.000000 -1660.000000 1256.000000
-504.000000 4552.000000 2266.000000 -1660.000000 1256.000000
-504.000000 4554.000000 2266.000000 -1654.000000 1254.000000
-506.000000 4552.000000 2264.000000 -1660.000000 1250.000000
-508.000000 4554.000000 2260.000000 -1664.000000 1248.000000
-514.000000 4558.000000 2258.000000 -1662.000000 1252.000000
-514.000000 4556.000000 2262.000000 -1664.000000 1260.000000
-514.000000 4554.000000 2268.000000 -1666.000000 1256.000000
-514.000000 4556.000000 2268.000000 -1666.000000 1254.000000
-514.000000 4558.000000 2266.000000 -1662.000000 1256.000000
-512.000000 4560.000000 2262.000000 -1664.000000 1258.000000
-514.000000 4562.000000 2256.000000 -1662.000000 1256.000000
-512.000000 4558.000000 2256.000000 -1664.000000 1252.000000
-516.000000 4556.000000 2256.000000 -1664.000000 1254.000000
-520.000000 4558.000000 2256.000000 -1668.000000 1260.000000
-518.000000 4560.000000 2250.000000 -1662.000000 1266.000000
-520.000000 4558.000000 2248.000000 -1668.000000 1262.000000
-526.000000 4558.000000 2250.000000 -1670.000000 1266.000000
-530.000000 4564.000000 2248.000000 -1674.000000 1264.000000
-526.000000 4564.000000 2248.000000 -1672.000000 1268.000000
-528.000000 4568.000000 2240.000000 -1672.000000 1270.000000
-522.000000 4570.000000 2240.000000 -1676.000000 1274.000000
-522.000000 4566.000000 2242.000000 -1674.000000 1270.000000
-522.000000 4568.000000 2234.000000 -1674.000000 1270.000000
-524.000000 4568.000000 2232.000000 -1680.000000 1270.000000
-524.000000 4566.000000 2230.000000 -1674.000000 1274.000000
-522.000000 4564.000000 2230.000000 -1672.000000 1274.000000
-522.000000 4560.000000 2228.000000 -1662.000000 1274.000000
-520.000000 4554.000000 2226.000000 -1666.000000 1274.000000
-524.000000 4556.000000 2222.000000 -1664.000000 1274.000000
-524.000000 4564.000000 2222.000000 -1662.000000 1280.000000
-522.000000 4562.000000 2220.000000 -1664.000000 1276.000000
-524.000000 4564.000000 2220.000000 -1670.000000 1286.000000
-524.000000 4566.000000 2222.000000 -1668.000000 1288.000000
-524.000000 4568.000000 2220.000000 -1670.000000 1294.000000
-522.000000 4568.000000 2224.000000 -1674.000000 1292.000000
-526.000000 4564.000000 2224.000000 -1680.000000 1288.000000
-524.000000 4564.000000 2228.000000 -1676.000000 1290.000000
-518.000000 4568.000000 2222.000000 -1674.000000 1286.000000
-518.000000 4570.000000 2228.000000 -1672.000000 1288.000000
-518.000000 4568.000000 2228.000000 -1674.000000 1292.000000
-518.000000 4566.000000 2228.000000 -1674.000000 1296.000000
-518.000000 4566.000000 2224.000000 -1670.000000 1294.000000
-516.000000 4568.000000 2224.000000 -1670.000000 1300.000000
-514.000000 4568.000000 2232.000000 -1670.000000 1300.000000
-512.000000 4570.000000 2234.000000 -1666.000000 1298.000000
-512.000000 4570.000000 2234.000000 -1670.000000 1296.000000
-510.000000 4566.000000 2238.000000 -1668.000000 1298.000000
-506.000000 4566.000000 2238.000000 -1672.000000 1296.000000
-506.000000 4568.000000 2244.000000 -1666.000000 1298.000000
-508.000000 4568.000000 2248.000000 -1664.000000 1304.000000
-508.000000 4570.000000 2250.000000 -1662.000000 1310.000000
-506.000000 4570.000000 2244.000000 -1662.000000 1312.000000
-504.000000 4572.000000 2238.000000 -1666.000000 1312.000000
-510.000000 4570.000000 2236.000000 -1668.000000 1316.000000
-508.000000 4574.000000 2246.000000 -1670.000000 1320.000000
-508.000000 4572.000000 2248.000000 -1672.000000 1320.000000
-508.000000 4570.000000 2246.000000 -1672.000000 1316.000000
-510.000000 4568.000000 2248.000000 -1670.000000 1316.000000
-508.000000 4568.000000 2250.000000 -1664.000000 1316.000000
-508.000000 4570.000000 2258.000000 -1662.000000 1322.000000
-510.000000 4572.000000 2260.000000 -1658.000000 1324.000000
-510.000000 4580.000000 2260.000000 -1654.000000 1326.000000
-506.000000 4580.000000 2258.000000 -1660.000000 1330.000000
-504.000000 4578.000000 2260.000000 -1660.000000 1330.000000
-510.000000 4578.000000 2260.000000 -1656.000000 1328.000000
-510.000000 4582.000000 2258.000000 -1664.000000 1330.000000
-508.000000 4584.000000 2254.000000 -1660.000000 1328.000000
-506.000000 4586.000000 2254.000000 -1660.000000 1334.000000
-506.000000 4582.000000 2252.000000 -1660.000000 1334.000000
-506.000000 4582.000000 2258.000000 -1662.000000 1332.000000
-506.000000 4582.000000 2258.000000 -1662.000000 1330.000000
-504.000000 4586.000000 2258.000000 -1662.000000 1328.000000
-506.000000 4586.000000 2256.000000 -1664.000000 1328.000000
-504.000000 4586.000000 2256.000000 -1658.000000 1330.000000
-508.000000 4590.000000 2254.000000 -1656.000000 1330.000000
-506.000000 4588.000000 2252.000000 -1658.000000 1326.000000
-504.000000 4588.000000 2252.000000 -1660.000000 1330.000000
-506.000000 4588.000000 2254.000000 -1664.000000 1332.000000
-504.000000 4590.000000 2250.000000 -1664.000000 1332.000000
-506.000000 4594.000000 2250.000000 -1668.000000 1330.000000
-502.000000 4596.000000 2252.000000 -1668.000000 1328.000000
-504.000000 4596.000000 2252.000000 -1668.000000 1330.000000
-504.000000 4592.000000 2250.000000 -1672.000000 1328.000000
-500.000000 4592.000000 2244.000000 -1672.000000 1328.000000
-498.000000 4586.000000 2246.000000 -1674.000000 1326.000000
-496.000000 4584.000000 2244.000000 -1682.000000 1324.000000
-494.000000 4588.000000 2242.000000 -1686.000000 1324.000000
-494.000000 4588.000000 2246.000000 -1690.000000 1326.000000
-490.000000 4590.000000 2246.000000 -1694.000000 1322.000000
-480.000000 4590.000000 2244.000000 -1694.000000 1322.000000
-482.000000 4590.000000 2246.000000 -1696.000000 1320.000000
-480.000000 4592.000000 2244.000000 -1698.000000 1322.000000
-484.000000 4592.000000 2244.000000 -1700.000000 1320.000000
-484.000000 4592.000000 2240.000000 -1700.000000 1314.000000
-486.000000 4590.000000 2240.000000 -1702.000000 1318.000000
-490.000000 4590.000000 2242.000000 -1704.000000 1324.000000
-488.000000 4592.000000 2242.000000 -1702.000000 1326.000000
-488.000000 4590.000000 2242.000000 -1702.000000 1322.000000
-490.000000 4592.000000 2246.000000 -1698.000000 1326.000000
-488.000000 4592.000000 2240.000000 -1698.000000 1324.000000
-490.000000 4594.000000 2242.000000 -1692.000000 1322.000000
-486.000000 4598.000000 2242.000000 -1690.000000 1318.000000
-484.000000 4598.000000 2240.000000 -1688.000000 1320.000000
-486.000000 4596.000000 2238.000000 -1688.000000 1322.000000
-488.000000 4594.000000 2240.000000 -1690.000000 1318.000000
-494.000000 4592.000000 2242.000000 -1686.000000 1314.000000
-496.000000 4596.000000 2238.000000 -1684.000000 1316.000000
-492.000000 4594.000000 2238.000000 -1684.000000 1320.000000
-494.000000 4592.000000 2238.000000 -1686.000000 1328.000000
-492.000000 4596.000000 2240.000000 -1688.000000 1330.000000
-492.000000 4596.000000 2242.000000 -1690.000000 1332.000000
-492.000000 4592.000000 2242.000000 -1684.000000 1336.000000
-494.000000 4594.000000 2240.000000 -1684.000000 1332.000000
-496.000000 4592.000000 2242.000000 -1690.000000 1326.000000
-496.000000 4594.000000 2242.000000 -1682.000000 1324.000000
-494.000000 4596.000000 2240.000000 -1678.000000 1324.000000
-498.000000 4602.000000 2240.000000 -1678.000000 1322.000000
-500.000000 4604.000000 2242.000000 -1674.000000 1328.000000
-498.000000 4604.000000 2244.000000 -1682.000000 1330.000000
-496.000000 4602.000000 2246.000000 -1676.000000 1332.000000
-496.000000 4602.000000 2246.000000 -1676.000000 1324.000000
-498.000000 4598.000000 2250.000000 -1676.000000 1324.000000
-498.000000 4598.000000 2254.000000 -1670.000000 1322.000000
-496.000000 4596.000000 2256.000000 -1662.000000 1326.000000
-498.000000 4598.000000 2258.000000 -1664.000000 1324.000000
-504.000000 4600.000000 2260.000000 -1660.000000 1328.000000
-508.000000 4604.000000 2262.000000 -1660.000000 1328.000000
-506.000000 4606.000000 2260.000000 -1658.000000 1320.000000
-502.000000 4606.000000 2258.000000 -1656.000000 1320.000000
-498.000000 4602.000000 2256.000000 -1658.000000 1324.000000
-500.000000 4602.000000 2254.000000 -1658.000000 1322.000000
-502.000000 4600.000000 2254.000000 -1660.000000 1320.000000
-504.000000 4604.000000 2254.000000 -1660.000000 1322.000000
-500.000000 4608.000000 2256.000000 -1662.000000 1322.000000
-502.000000 4610.000000 2256.000000 -1664.000000 1320.000000
-502.000000 4610.000000 2258.000000 -1670.000000 1320.000000
-504.000000 4610.000000 2256.000000 -1672.000000 1316.000000
-504.000000 4614.000000 2256.000000 -1672.000000 1314.000000
-504.000000 4610.000000 2260.000000 -1674.000000 1314.000000
-502.000000 4610.000000 2260.000000 -1674.000000 1310.000000
-500.000000 4606.000000 2254.000000 -1670.000000 1314.000000
-500.000000 4598.000000 2254.000000 -1664.000000 1314.000000
-500.000000 4596.000000 2256.000000 -1668.000000 1312.000000
-496.000000 4598.000000 2256.000000 -1670.000000 1308.000000
-492.000000 4598.000000 2256.000000 -1668.000000 1308.000000
-490.000000 4598.000000 2254.000000 -1666.000000 1312.000000
-492.000000 4598.000000 2252.000000 -1660.000000 1308.000000
-492.000000 4600.000000 2254.000000 -1668.000000 1306.000000
-496.000000 4594.000000 2252.000000 -1662.000000 1304.000000
-496.000000 4594.000000 2264.000000 -1664.000000 1298.000000
-496.000000 4600.000000 2266.000000 -1666.000000 1296.000000
-496.000000 4598.000000 2270.000000 -1664.000000 1300.000000
-498.000000 4594.000000 2272.000000 -1662.000000 1298.000000
-500.000000 4590.000000 2278.000000 -1664.000000 1298.000000
-500.000000 4590.000000 2272.000000 -1666.000000 1294.000000
-502.000000 4594.000000 2274.000000 -1674.000000 1294.000000
-502.000000 4598.000000 2266.000000 -1678.000000 1296.000000
-498.000000 4598.000000 2268.000000 -1680.000000 1296.000000
-496.000000 4594.000000 2264.000000 -1682.000000 1294.000000
-492.000000 4588.000000 2260.000000 -1682.000000 1294.000000
-490.000000 4584.000000 2254.000000 -1682.000000 1298.000000
-492.000000 4580.000000 2258.000000 -1684.000000 1302.000000
-492.000000 4580.000000 2252.000000 -1682.000000 1304.000000
-490.000000 4582.000000 2248.000000 -1682.000000 1300.000000
-490.000000 4582.000000 2246.000000 -1676.000000 1294.000000
-494.000000 4582.000000 2248.000000 -1674.000000 1296.000000
-496.000000 4578.000000 2246.000000 -1674.000000 1294.000000
-492.000000 4576.000000 2246.000000 -1664.000000 1298.000000
-494.000000 4578.000000 2250.000000 -1666.000000 1302.000000
-496.000000 4576.000000 2246.000000 -1662.000000 1302.000000
-496.000000 4576.000000 2250.000000 -1664.000000 1304.000000
-492.000000 4578.000000 2254.000000 -1670.000000 1310.000000
-492.000000 4576.000000 2256.000000 -1672.000000 1308.000000
-496.000000 4578.000000 2256.000000 -1668.000000 1312.000000
-496.000000 4574.000000 2258.000000 -1672.000000 1308.000000
-496.000000 4576.000000 2256.000000 -1676.000000 1308.000000
-496.000000 4576.000000 2256.000000 -1672.000000 1308.000000
-496.000000 4574.000000 2252.000000 -1674.000000 1304.000000
-498.000000 4574.000000 2254.000000 -1678.000000 1302.000000
-498.000000 4576.000000 2256.000000 -1676.000000 1300.000000
-498.000000 4578.000000 2256.000000 -1672.000000 1298.000000
-500.000000 4574.000000 2256.000000 -1676.000000 1302.000000
-498.000000 4576.000000 2258.000000 -1674.000000 1310.000000
-500.000000 4576.000000 2266.000000 -1676.000000 1308.000000
-500.000000 4578.000000 2266.000000 -1684.000000 1312.000000
-494.000000 4580.000000 2270.000000 -1686.000000 1306.000000
-496.000000 4584.000000 2268.000000 -1690.000000 1308.000000
-498.000000 4582.000000 2268.000000 -1694.000000 1308.000000
-498.000000 4582.000000 2268.000000 -1698.000000 1308.000000
-496.000000 4582.000000 2272.000000 -1694.000000 1310.000000
-496.000000 4580.000000 2278.000000 -1696.000000 1312.000000
-496.000000 4582.000000 2274.000000 -1692.000000 1306.000000
-498.000000 4578.000000 2276.000000 -1694.000000 1300.000000
-506.000000 4578.000000 2274.000000 -1698.000000 1302.000000
-512.000000 4572.000000 2270.000000 -1696.000000 1302.000000
-518.000000 4572.000000 2262.000000 -1692.000000 1306.000000
-520.000000 4574.000000 2266.000000 -1690.000000 1300.000000
-520.000000 4574.000000 2264.000000 -1696.000000 1298.000000
-520.000000 4572.000000 2258.000000 -1700.000000 1294.000000
-518.000000 4572.000000 2258.000000 -1696.000000 1296.000000
-514.000000 4568.000000 2256.000000 -1698.000000 1300.000000
-518.000000 4568.000000 2252.000000 -1694.000000 1300.000000
-518.000000 4570.000000 2250.000000 -1704.000000 1302.000000
-518.000000 4566.000000 2248.000000 -1710.000000 1298.000000
-518.000000 4572.000000 2246.000000 -1714.000000 1300.000000
-522.000000 4566.000000 2246.000000 -1712.000000 1302.000000
-518.000000 4568.000000 2246.000000 -1710.000000 1296.000000
-518.000000 4568.000000 2246.000000 -1708.000000 1300.000000
-522.000000 4570.000000 2248.000000 -1706.000000 1298.000000
-524.000000 4566.000000 2248.000000 -1710.000000 1296.000000
-524.000000 4568.000000 2244.000000 -1712.000000 1298.000000
-526.000000 4568.000000 2244.000000 -1714.000000 1292.000000
-528.000000 4572.000000 2244.000000 -1704.000000 1296.000000
-526.000000 4574.000000 2242.000000 -1702.000000 1294.000000
-526.000000 4576.000000 2244.000000 -1702.000000 1292.000000
-526.000000 4572.000000 2248.000000 -1700.000000 1288.000000
-526.000000 4572.000000 2244.000000 -1694.000000 1288.000000
-526.000000 4568.000000 2246.000000 -1690.000000 1286.000000
-524.000000 4570.000000 2248.000000 -1690.000000 1290.000000
-526.000000 4566.000000 2242.000000 -1692.000000 1292.000000
-522.000000 4564.000000 2242.000000 -1688.000000 1290.000000
-520.000000 4560.000000 2244.000000 -1690.000000 1288.000000
-524.000000 4554.000000 2250.000000 -1692.000000 1288.000000
-524.000000 4556.000000 2254.000000 -1690.000000 1290.000000
-524.000000 4554.000000 2254.000000 -1688.000000 1286.000000
-520.000000 4554.000000 2260.000000 -1680.000000 1288.000000
-526.000000 4558.000000 2262.000000 -1684.000000 1290.000000
-522.000000 4560.000000 2260.000000 -1684.000000 1286.000000
-524.000000 4558.000000 2258.000000 -1684.000000 1290.000000
-526.000000 4564.000000 2254.000000 -1686.000000 1292.000000
-532.000000 4566.000000 2256.000000 -1686.000000 1290.000000
-532.000000 4564.000000 2254.000000 -1688.000000 1294.000000
-532.000000 4562.000000 2256.000000 -1680.000000 1294.000000
-530.000000 4564.000000 2258.000000 -1684.000000 1298.000000
-530.000000 4566.000000 2256.000000 -1690.000000 1298.000000
-530.000000 4568.000000 2258.000000 -1688.000000 1304.000000
-530.000000 4564.000000 2254.000000 -1688.000000 1300.000000
-528.000000 4564.000000 2254.000000 -1688.000000 1306.000000
-524.000000 4570.000000 2254.000000 -1688.000000 1306.000000
-522.000000 4570.000000 2256.000000 -1684.000000 1306.000000
-522.000000 4578.000000 2254.000000 -1692.000000 1300.000000
-520.000000 4576.000000 2250.000000 -1696.000000 1304.000000
-516.000000 4572.000000 2248.000000 -1698.000000 1304.000000
-514.000000 4580.000000 2248.000000 -1698.000000 1306.000000
-516.000000 4580.000000 2254.000000 -1704.000000 1304.000000
-516.000000 4578.000000 2256.000000 -1698.000000 1302.000000
-514.000000 4582.000000 2256.000000 -1692.000000 1296.000000
-514.000000 4582.000000 2258.000000 -1698.000000 1294.000000
-510.000000 4580.000000 2260.000000 -1698.000000 1300.000000
-510.000000 4578.000000 2260.000000 -1696.000000 1294.000000
-508.000000 4578.000000 2264.000000 -1694.000000 1286.000000
-504.000000 4582.000000 2268.000000 -1696.000000 1290.000000
-504.000000 4586.000000 2274.000000 -1694.000000 1286.000000
-500.000000 4584.000000 2278.000000 -1698.000000 1290.000000
-500.000000 4588.000000 2280.000000 -1702.000000 1292.000000
-504.000000 4586.000000 2278.000000 -1704.000000 1290.000000
-508.000000 4588.000000 2276.000000 -1706.000000 1294.000000
-508.000000 4586.000000 2274.000000 -1700.000000 1292.000000
-510.000000 4588.000000 2274.000000 -1696.000000 1292.000000
-512.000000 4588.000000 2272.000000 -1692.000000 1294.000000
-512.000000 4590.000000 2272.000000 -1690.000000 1298.000000
-506.000000 4584.000000 2270.000000 -1684.000000 1302.000000
-504.000000 4584.000000 2262.000000 -1686.000000 1302.000000
-508.000000 4582.000000 2268.000000 -1688.000000 1302.000000
-508.000000 4582.000000 2272.000000 -1688.000000 1308.000000
-508.000000 4584.000000 2278.000000 -1688.000000 1310.000000
-504.000000 4586.000000 2272.000000 -1688.000000 1316.000000
-508.000000 4588.000000 2272.000000 -1684.000000 1312.000000
-502.000000 4588.000000 2272.000000 -1684.000000 1314.000000
-506.000000 4586.000000 2270.000000 -1684.000000 1318.000000
-506.000000 4584.000000 2270.000000 -1684.000000 1318.000000
-502.000000 4584.000000 2272.000000 -1680.000000 1316.000000
-506.000000 4586.000000 2272.000000 -1678.000000 1310.000000
-504.000000 4588.000000 2272.000000 -1676.000000 1310.000000
-504.000000 4586.000000 2272.000000 -1680.000000 1300.000000
-504.000000 4588.000000 2276.000000 -1674.000000 1300.000000
-498.000000 4588.000000 2274.000000 -1676.000000 1300.000000
-500.000000 4590.000000 2272.000000 -1670.000000 1296.000000
-498.000000 4588.000000 2266.000000 -1672.000000 1300.000000
-500.000000 4588.000000 2266.000000 -1672.000000 1306.000000
-502.000000 4590.000000 2264.000000 -1672.000000 1308.000000
-502.000000 4594.000000 2266.000000 -1674.000000 1312.000000
-500.000000 4596.000000 2268.000000 -1672.000000 1308.000000
-498.000000 4596.000000 2274.000000 -1674.000000 1306.000000
-496.000000 4598.000000 2276.000000 -1672.000000 1306.000000
-492.000000 4596.000000 2286.000000 -1676.000000 1304.000000
-490.000000 4596.000000 2288.000000 -1674.000000 1310.000000
-490.000000 4598.000000 2290.000000 -1678.000000 1302.000000
-484.000000 4596.000000 2290.000000 -1672.000000 1302.000000
-484.000000 4600.000000 2288.000000 -1672.000000 1308.000000
-484.000000 4596.000000 2288.000000 -1672.000000 1312.000000
-484.000000 4594.000000 2292.000000 -1678.000000 1310.000000
-484.000000 4594.000000 2292.000000 -1676.000000 1312.000000
-488.000000 4594.000000 2290.000000 -1678.000000 1314.000000
-486.000000 4596.000000 2288.000000 -1674.000000 1316.000000
-488.000000 4604.000000 2282.000000 -1678.000000 1322.000000
-490.000000 4602.000000 2280.000000 -1680.000000 1322.000000
-484.000000 4606.000000 2278.000000 -1680.000000 1318.000000
-484.000000 4608.000000 2280.000000 -1678.000000 1318.000000
-482.000000 4610.000000 2274.000000 -1670.000000 1318.000000
-484.000000 4614.000000 2278.000000 -1678.000000 1316.000000
-488.000000 4612.000000 2276.000000 -1680.000000 1320.000000
-488.000000 4608.000000 2276.000000 -1678.000000 1322.000000
-490.000000 4604.000000 2272.000000 -1678.000000 1322.000000
-490.000000 4596.000000 2276.000000 -1680.000000 1322.000000
-486.000000 4596.000000 2272.000000 -1676.000000 1328.000000
-490.000000 4600.000000 2270.000000 -1680.000000 1328.000000
-490.000000 4604.000000 2266.000000 -1684.000000 1328.000000
-488.000000 4602.000000 2268.000000 -1684.000000 1324.000000
-490.000000 4602.000000 2268.000000 -1688.000000 1320.000000
-496.000000 4608.000000 2266.000000 -1690.000000 1324.000000
-500.000000 4604.000000 2268.000000 -1688.000000 1324.000000
-496.000000 4604.000000 2262.000000 -1686.000000 1326.000000
-496.000000 4606.000000 2264.000000 -1686.000000 1322.000000
-494.000000 4610.000000 2262.000000 -1684.000000 1320.000000
-494.000000 4608.000000 2272.000000 -1688.000000 1322.000000
-492.000000 4608.000000 2272.000000 -1688.000000 1324.000000
-488.000000 4610.000000 2276.000000 -1694.000000 1316.000000
-488.000000 4610.000000 2280.000000 -1692.000000 1312.000000
-482.000000 4612.000000 2282.000000 -1688.000000 1318.000000
-484.000000 4614.000000 2286.000000 -1692.000000 1322.000000
-484.000000 4614.000000 2286.000000 -1688.000000 1320.000000
-484.000000 4614.000000 2288.000000 -1694.000000 1320.000000
-484.000000 4608.000000 2286.000000 -1700.000000 1316.000000
-486.000000 4604.000000 2290.000000 -1704.000000 1316.000000
-484.000000 4604.000000 2292.000000 -1698.000000 1318.000000
-480.000000 4602.000000 2296.000000 -1694.000000 1318.000000
-478.000000 4604.000000 2302.000000 -1692.000000 1316.000000
-474.000000 4604.000000 2302.000000 -1690.000000 1318.000000
-474.000000 4602.000000 2302.000000 -1694.000000 1324.000000
-474.000000 4604.000000 2302.000000 -1690.000000 1322.000000
-474.000000 4602.000000 2306.000000 -1688.000000 1324.000000
-472.000000 4602.000000 2306.000000 -1692.000000 1330.000000
-472.000000 4598.000000 2304.000000 -1696.000000 1328.000000
-470.000000 4604.000000 2304.000000 -1700.000000 1318.000000
-468.000000 4606.000000 2304.000000 -1700.000000 1318.000000
-464.000000 4608.000000 2302.000000 -1702.000000 1316.000000
-470.000000 4606.000000 2306.000000 -1702.000000 1314.000000
-470.000000 4604.000000 2306.000000 -1702.000000 1312.000000
-468.000000 4606.000000 2304.000000 -1700.000000 1312.000000
-466.000000 4608.000000 2304.000000 -1696.000000 1312.000000
-466.000000 4608.000000 2306.000000 -1696.000000 1312.000000
-470.000000 4606.000000 2306.000000 -1694.000000 1314.000000
-470.000000 4604.000000 2308.000000 -1696.000000 1310.000000
-466.000000 4602.000000 2310.000000 -1698.000000 1310.000000
-464.000000 4602.000000 2308.000000 -1694.000000 1308.000000
-462.000000 4604.000000 2308.000000 -1690.000000 1308.000000
-462.000000 4604.000000 2308.000000 -1690.000000 1304.000000
-458.000000 4604.000000 2310.000000 -1696.000000 1298.000000
-462.000000 4602.000000 2308.000000 -1698.000000 1298.000000
-466.000000 4604.000000 2312.000000 -1702.000000 1300.000000
-470.000000 4606.000000 2314.000000 -1704.000000 1308.000000
-470.000000 4604.000000 2316.000000 -1706.000000 1308.000000
-470.000000 4600.000000 2318.000000 -1704.000000 1308.000000
-470.000000 4598.000000 2316.000000 -1704.000000 1310.000000
-468.000000 4598.000000 2316.000000 -1704.000000 1314.000000
-468.000000 4600.000000 2316.000000 -1704.000000 1314.000000
-464.000000 4602.000000 2310.000000 -1700.000000 1312.000000
-466.000000 4600.000000 2310.000000 -1698.000000 1310.000000
-464.000000 4600.000000 2314.000000 -1700.000000 1308.000000
-464.000000 4598.000000 2310.000000 -1702.000000 1306.000000
-464.000000 4590.000000 2304.000000 -1704.000000 1304.000000
-466.000000 4588.000000 2302.000000 -1702.000000 1304.000000
-468.000000 4582.000000 2304.000000 -1706.000000 1312.000000
-472.000000 4582.000000 2302.000000 -1706.000000 1312.000000
-474.000000 4580.000000 2302.000000 -1710.000000 1310.000000
-480.000000 4580.000000 2302.000000 -1708.000000 1308.000000
-478.000000 4588.000000 2304.000000 -1708.000000 1308.000000
-476.000000 4590.000000 2304.000000 -1708.000000 1308.000000
-482.000000 4594.000000 2302.000000 -1708.000000 1310.000000
-478.000000 4594.000000 2304.000000 -1710.000000 1318.000000
-484.000000 4594.000000 2312.000000 -1708.000000 1314.000000
-482.000000 4592.000000 2310.000000 -1704.000000 1312.000000
-484.000000 4590.000000 2318.000000 -1704.000000 1310.000000
-484.000000 4588.000000 2318.000000 -1706.000000 1310.000000
-486.000000 4588.000000 2320.000000 -1702.000000 1320.000000
-490.000000 4586.000000 2324.000000 -1704.000000 1316.000000
-492.000000 4586.000000 2320.000000 -1698.000000 1318.000000
-492.000000 4588.000000 2318.000000 -1698.000000 1314.000000
-492.000000 4588.000000 2320.000000 -1698.000000 1310.000000
-492.000000 4588.000000 2324.000000 -1694.000000 1310.000000
-492.000000 4586.000000 2326.000000 -1692.000000 1308.000000
-492.000000 4586.000000 2320.000000 -1690.000000 1298.000000
-490.000000 4584.000000 2318.000000 -1690.000000 1302.000000
-492.000000 4586.000000 2318.000000 -1690.000000 1308.000000
-492.000000 4584.000000 2320.000000 -1688.000000 1306.000000
-492.000000 4584.000000 2318.000000 -1688.000000 1304.000000
-488.000000 4586.000000 2318.000000 -1690.000000 1300.000000
-490.000000 4584.000000 2322.000000 -1688.000000 1300.000000
-492.000000 4586.000000 2320.000000 -1690.000000 1300.000000
-492.000000 4582.000000 2322.000000 -1696.000000 1306.000000
-492.000000 4582.000000 2322.000000 -1698.000000 1312.000000
-490.000000 4580.000000 2324.000000 -1694.000000 1312.000000
-490.000000 4578.000000 2326.000000 -1694.000000 1308.000000
-488.000000 4576.000000 2324.000000 -1694.000000 1308.000000
-492.000000 4576.000000 2322.000000 -1692.000000 1306.000000
-492.000000 4576.000000 2320.000000 -1692.000000 1310.000000
-492.000000 4576.000000 2318.000000 -1694.000000 1312.000000
-492.000000 4576.000000 2320.000000 -1692.000000 1314.000000
-492.000000 4578.000000 2318.000000 -1690.000000 1314.000000
-494.000000 4578.000000 2318.000000 -1686.000000 1320.000000
-492.000000 4580.000000 2320.000000 -1688.000000 1316.000000
-498.000000 4580.000000 2320.000000 -1686.000000 1318.000000
-500.000000 4580.000000 2318.000000 -1684.000000 1318.000000
-502.000000 4582.000000 2318.000000 -1688.000000 1318.000000
-502.000000 4586.000000 2316.000000 -1688.000000 1322.000000
-498.000000 4584.000000 2320.000000 -1686.000000 1318.000000
-498.000000 4582.000000 2324.000000 -1688.000000 1316.000000
-498.000000 4580.000000 2320.000000 -1688.000000 1312.000000
-498.000000 4586.000000 2318.000000 -1684.000000 1314.000000
-498.000000 4584.000000 2318.000000 -1680.000000 1316.000000
-496.000000 4586.000000 2316.000000 -1686.000000 1316.000000
-496.000000 4588.000000 2312.000000 -1686.000000 1320.000000
-498.000000 4590.000000 2316.000000 -1690.000000 1320.000000
-498.000000 4590.000000 2310.000000 -1692.000000 1324.000000
-496.000000 4592.000000 2306.000000 -1684.000000 1330.000000
-500.000000 4596.000000 2302.000000 -1686.000000 1332.000000
-502.000000 4596.000000 2304.000000 -1690.000000 1332.000000
-502.000000 4598.000000 2302.000000 -1690.000000 1330.000000
-498.000000 4600.000000 2308.000000 -1690.000000 1330.000000
-500.000000 4602.000000 2306.000000 -1692.000000 1326.000000
-502.000000 4596.000000 2308.000000 -1690.000000 1326.000000
-508.000000 4594.000000 2306.000000 -1684.000000 1332.000000
-508.000000 4586.000000 2308.000000 -1682.000000 1332.000000
-508.000000 4590.000000 2308.000000 -1684.000000 1326.000000
-508.000000 4590.000000 2306.000000 -1680.000000 1328.000000
-510.000000 4590.000000 2306.000000 -1680.000000 1326.000000
-512.000000 4592.000000 2304.000000 -1680.000000 1324.000000
-514.000000 4590.000000 2302.000000 -1680.000000 1326.000000
-516.000000 4588.000000 2300.000000 -1682.000000 1326.000000
-518.000000 4588.000000 2296.000000 -1682.000000 1324.000000
-520.000000 4590.000000 2296.000000 -1684.000000 1324.000000
-512.000000 4592.000000 2292.000000 -1680.000000 1322.000000
-514.000000 4592.000000 2296.000000 -1684.000000 1314.000000
-516.000000 4592.000000 2292.000000 -1684.000000 1316.000000
-520.000000 4596.000000 2294.000000 -1684.000000 1316.000000
-514.000000 4596.000000 2294.000000 -1682.000000 1314.000000
-510.000000 4598.000000 2298.000000 -1684.000000 1310.000000
-512.000000 4596.000000 2296.000000 -1688.000000 1308.000000
-514.000000 4596.000000 2290.000000 -1692.000000 1304.000000
-516.000000 4598.000000 2284.000000 -1696.000000 1308.000000
-522.000000 4598.000000 2286.000000 -1700.000000 1306.000000
-516.000000 4596.000000 2290.000000 -1704.000000 1304.000000
-516.000000 4598.000000 2288.000000 -1704.000000 1306.000000
-514.000000 4594.000000 2290.000000 -1708.000000 1304.000000
-520.000000 4600.000000 2288.000000 -1714.000000 1306.000000
-520.000000 4598.000000 2288.000000 -1714.000000 1306.000000
-520.000000 4592.000000 2294.000000 -1712.000000 1304.000000
-518.000000 4588.000000 2290.000000 -1712.000000 1312.000000
-518.000000 4586.000000 2298.000000 -1712.000000 1306.000000
-520.000000 4586.000000 2296.000000 -1714.000000 1298.000000
-518.000000 4590.000000 2298.000000 -1714.000000 1292.000000
-520.000000 4592.000000 2294.000000 -1708.000000 1292.000000
-516.000000 4594.000000 2298.000000 -1712.000000 1292.000000
-512.000000 4594.000000 2296.000000 -1716.000000 1300.000000
-514.000000 4590.000000 2300.000000 -1714.000000 1298.000000
-514.000000 4588.000000 2296.000000 -1718.000000 1296.000000
-514.000000 4588.000000 2298.000000 -1718.000000 1298.000000
-516.000000 4586.000000 2296.000000 -1722.000000 1306.000000
-520.000000 4584.000000 2294.000000 -1716.000000 1300.000000
-518.000000 4584.000000 2296.000000 -1712.000000 1306.000000
-514.000000 4588.000000 2290.000000 -1712.000000 1306.000000
-512.000000 4586.000000 2286.000000 -1712.000000 1304.000000
-514.000000 4588.000000 2286.000000 -1712.000000 1304.000000
-518.000000 4584.000000 2286.000000 -1712.000000 1306.000000
-518.000000 4584.000000 2288.000000 -1712.000000 1314.000000
-518.000000 4582.000000 2288.000000 -1706.000000 1310.000000
-514.000000 4582.000000 2296.000000 -1702.000000 1304.000000
-512.000000 4576.000000 2300.000000 -1698.000000 1298.000000
-514.000000 4576.000000 2300.000000 -1698.000000 1302.000000
-516.000000 4574.000000 2300.000000 -1698.000000 1306.000000
-514.000000 4572.000000 2296.000000 -1698.000000 1310.000000
-512.000000 4570.000000 2298.000000 -1700.000000 1304.000000
-514.000000 4570.000000 2300.000000 -1694.000000 1300.000000
-508.000000 4568.000000 2302.000000 -1696.000000 1302.000000
-510.000000 4568.000000 2304.000000 -1696.000000 1302.000000
-508.000000 4566.000000 2302.000000 -1702.000000 1306.000000
-508.000000 4568.000000 2302.000000 -1700.000000 1298.000000
-506.000000 4570.000000 2298.000000 -1696.000000 1296.000000
-504.000000 4576.000000 2304.000000 -1690.000000 1296.000000
-504.000000 4576.000000 2306.000000 -1688.000000 1298.000000
-512.000000 4576.000000 2304.000000 -1692.000000 1296.000000
-508.000000 4574.000000 2300.000000 -1692.000000 1296.000000
-512.000000 4576.000000 2300.000000 -1692.000000 1298.000000
-512.000000 4574.000000 2302.000000 -1698.000000 1294.000000
-510.000000 4572.000000 2296.000000 -1696.000000 1292.000000
-514.000000 4570.000000 2288.000000 -1692.000000 1302.000000
-518.000000 4566.000000 2288.000000 -1694.000000 1306.000000
-518.000000 4566.000000 2288.000000 -1694.000000 1308.000000
-520.000000 4568.000000 2288.000000 -1692.000000 1316.000000
-524.000000 4560.000000 2288.000000 -1696.000000 1316.000000
-528.000000 4562.000000 2298.000000 -1698.000000 1318.000000
-530.000000 4562.000000 2294.000000 -1700.000000 1318.000000
-530.000000 4562.000000 2296.000000 -1702.000000 1324.000000
-528.000000 4564.000000 2298.000000 -1700.000000 1322.000000
-526.000000 4564.000000 2298.000000 -1694.000000 1324.000000
-528.000000 4562.000000 2302.000000 -1692.000000 1326.000000
-526.000000 4558.000000 2306.000000 -1688.000000 1322.000000
-528.000000 4558.000000 2304.000000 -1682.000000 1320.000000
-526.000000 4560.000000 2296.000000 -1682.000000 1316.000000
-528.000000 4560.000000 2294.000000 -1686.000000 1312.000000
-524.000000 4558.000000 2294.000000 -1686.000000 1312.000000
-524.000000 4562.000000 2296.000000 -1688.000000 1304.000000
-524.000000 4562.000000 2292.000000 -1686.000000 1308.000000
-520.000000 4558.000000 2288.000000 -1688.000000 1318.000000
-520.000000 4558.000000 2286.000000 -1686.000000 1320.000000
-518.000000 4552.000000 2290.000000 -1688.000000 1316.000000
-522.000000 4550.000000 2290.000000 -1688.000000 1318.000000
-522.000000 4546.000000 2290.000000 -1692.000000 1314.000000
-522.000000 4542.000000 2288.000000 -1694.000000 1318.000000
-520.000000 4538.000000 2290.000000 -1700.000000 1324.000000
-520.000000 4538.000000 2292.000000 -1704.000000 1328.000000
-518.000000 4542.000000 2294.000000 -1706.000000 1336.000000
-520.000000 4540.000000 2296.000000 -1706.000000 1328.000000
-518.000000 4538.000000 2294.000000 -1710.000000 1334.000000
-518.000000 4542.000000 2292.000000 -1712.000000 1336.000000
-512.000000 4548.000000 2290.000000 -1714.000000 1336.000000
-510.000000 4550.000000 2294.000000 -1708.000000 1338.000000
-506.000000 4554.000000 2294.000000 -1704.000000 1338.000000
-510.000000 4556.000000 2296.000000 -1710.000000 1336.000000
-512.000000 4548.000000 2290.000000 -1710.000000 1336.000000
-510.000000 4550.000000 2294.000000 -1716.000000 1332.000000
-504.000000 4552.000000 2298.000000 -1716.000000 1332.000000
-504.000000 4554.000000 2298.000000 -1716.000000 1330.000000
-500.000000 4556.000000 2298.000000 -1718.000000 1328.000000
-496.000000 4554.000000 2298.000000 -1720.000000 1322.000000
-498.000000 4554.000000 2300.000000 -1724.000000 1324.000000
-498.000000 4556.000000 2306.000000 -1720.000000 1322.000000
-496.000000 4554.000000 2308.000000 -1718.000000 1320.000000
-496.000000 4554.000000 2306.000000 -1716.000000 1320.000000
-498.000000 4554.000000 2300.000000 -1722.000000 1320.000000
-498.000000 4556.000000 2300.000000 -1728.000000 1322.000000
-498.000000 4556.000000 2294.000000 -1732.000000 1322.000000
-498.000000 4564.000000 2292.000000 -1734.000000 1320.000000
-498.000000 4564.000000 2294.000000 -1734.000000 1320.000000
-492.000000 4566.000000 2292.000000 -1738.000000 1330.000000
-494.000000 4570.000000 2292.000000 -1734.000000 1334.000000
-492.000000 4572.000000 2290.000000 -1736.000000 1332.000000
-494.000000 4572.000000 2282.000000 -1736.000000 1332.000000
-494.000000 4568.000000 2284.000000 -1736.000000 1336.000000
-498.000000 4568.000000 2286.000000 -1736.000000 1340.000000
-498.000000 4566.000000 2286.000000 -1736.000000 1344.000000
-496.000000 4568.000000 2286.000000 -1732.000000 1344.000000
-502.000000 4566.000000 2290.000000 -1732.000000 1350.000000
-498.000000 4566.000000 2284.000000 -1734.000000 1346.000000
-500.000000 4562.000000 2282.000000 -1738.000000 1350.000000
-500.000000 4560.000000 2286.000000 -1736.000000 1354.000000
-504.000000 4562.000000 2290.000000 -1736.000000 1356.000000
-508.000000 4560.000000 2286.000000 -1736.000000 1356.000000
-508.000000 4560.000000 2282.000000 -1732.000000 1356.000000
-510.000000 4564.000000 2282.000000 -1732.000000 1356.000000
-510.000000 4562.000000 2280.000000 -1734.000000 1356.000000
-508.000000 4564.000000 2284.000000 -1732.000000 1354.000000
-508.000000 4570.000000 2284.000000 -1732.000000 1352.000000
-510.000000 4572.000000 2286.000000 -1730.000000 1354.000000
-512.000000 4566.000000 2288.000000 -1730.000000 1352.000000
-506.000000 4568.000000 2290.000000 -1734.000000 1352.000000
-506.000000 4568.000000 2288.000000 -1744.000000 1350.000000
-506.000000 4564.000000 2288.000000 -1744.000000 1346.000000
-506.000000 4562.000000 2290.000000 -1750.000000 1350.000000
-504.000000 4560.000000 2298.000000 -1752.000000 1350.000000
-500.000000 4566.000000 2300.000000 -1752.000000 1348.000000
-494.000000 4568.000000 2288.000000 -1748.000000 1348.000000
-492.000000 4566.000000 2294.000000 -1748.000000 1352.000000
-492.000000 4564.000000 2294.000000 -1748.000000 1352.000000
-492.000000 4560.000000 2296.000000 -1744.000000 1346.000000
-492.000000 4556.000000 2300.000000 -1738.000000 1344.000000
-490.000000 4556.000000 2292.000000 -1740.000000 1342.000000
-486.000000 4554.000000 2296.000000 -1740.000000 1348.000000
-488.000000 4548.000000 2296.000000 -1746.000000 1346.000000
-490.000000 4546.000000 2298.000000 -1744.000000 1346.000000
-490.000000 4542.000000 2296.000000 -1746.000000 1348.000000
-492.000000 4544.000000 2290.000000 -1746.000000 1352.000000
-494.000000 4542.000000 2288.000000 -1744.000000 1348.000000
-496.000000 4540.000000 2288.000000 -1744.000000 1344.000000
-496.000000 4540.000000 2292.000000 -1740.000000 1342.000000
-496.000000 4538.000000 2294.000000 -1746.000000 1342.000000
-494.000000 4538.000000 2292.000000 -1740.000000 1338.000000
-492.000000 4540.000000 2288.000000 -1740.000000 1340.000000
-492.000000 4542.000000 2288.000000 -1744.000000 1344.000000
-490.000000 4544.000000 2284.000000 -1744.000000 1344.000000
-490.000000 4546.000000 2290.000000 -1744.000000 1348.000000
-494.000000 4548.000000 2290.000000 -1744.000000 1344.000000
-496.000000 4542.000000 2290.000000 -1750.000000 1344.000000
-498.000000 4540.000000 2288.000000 -1754.000000 1342.000000
-504.000000 4544.000000 2290.000000 -1756.000000 1338.000000
-504.000000 4542.000000 2294.000000 -1758.000000 1340.000000
-504.000000 4544.000000 2292.000000 -1764.000000 1334.000000
-506.000000 4546.000000 2292.000000 -1766.000000 1328.000000
-504.000000 4544.000000 2294.000000 -1766.000000 1326.000000
-502.000000 4542.000000 2296.000000 -1764.000000 1330.000000
-496.000000 4542.000000 2294.000000 -1756.000000 1330.000000
-496.000000 4542.000000 2292.000000 -1756.000000 1328.000000
-496.000000 4548.000000 2294.000000 -1756.000000 1330.000000
-494.000000 4550.000000 2292.000000 -1754.000000 1326.000000
-500.000000 4548.000000 2300.000000 -1762.000000 1334.000000
-502.000000 4550.000000 2300.000000 -1760.000000 1332.000000
-504.000000 4550.000000 2296.000000 -1760.000000 1332.000000
-502.000000 4550.000000 2296.000000 -1752.000000 1336.000000
-508.000000 4550.000000 2300.000000 -1758.000000 1336.000000
-504.000000 4552.000000 2298.000000 -1760.000000 1342.000000
-502.000000 4556.000000 2296.000000 -1762.000000 1336.000000
-502.000000 4562.000000 2296.000000 -1764.000000 1342.000000
-500.000000 4562.000000 2294.000000 -1758.000000 1340.000000
-502.000000 4564.000000 2290.000000 -1762.000000 1340.000000
-500.000000 4564.000000 2296.000000 -1766.000000 1336.000000
-502.000000 4566.000000 2298.000000 -1768.000000 1336.000000
-502.000000 4564.000000 2294.000000 -1772.000000 1332.000000
-504.000000 4566.000000 2292.000000 -1774.000000 1336.000000
-508.000000 4566.000000 2292.000000 -1772.000000 1332.000000
-506.000000 4564.000000 2296.000000 -1772.000000 1332.000000
-506.000000 4564.000000 2296.000000 -1772.000000 1340.000000
-506.000000 4566.000000 2292.000000 -1770.000000 1344.000000
-508.000000 4568.000000 2292.000000 -1764.000000 1344.000000
-510.000000 4564.000000 2296.000000 -1768.000000 1342.000000
-510.000000 4562.000000 2302.000000 -1766.000000 1350.000000
-510.000000 4564.000000 2300.000000 -1764.000000 1346.000000
-512.000000 4556.000000 2304.000000 -1764.000000 1348.000000
-508.000000 4562.000000 2302.000000 -1762.000000 1350.000000
-510.000000 4570.000000 2306.000000 -1758.000000 1346.000000
-512.000000 4566.000000 2308.000000 -1760.000000 1346.000000
-510.000000 4572.000000 2314.000000 -1762.000000 1354.000000
-510.000000 4572.000000 2312.000000 -1762.000000 1356.000000
-506.000000 4570.000000 2306.000000 -1764.000000 1354.000000
-506.000000 4570.000000 2306.000000 -1762.000000 1348.000000
-502.000000 4572.000000 2306.000000 -1768.000000 1338.000000
-506.000000 4572.000000 2306.000000 -1768.000000 1336.000000
-504.000000 4570.000000 2306.000000 -1770.000000 1334.000000
-506.000000 4574.000000 2304.000000 -1766.000000 1336.000000
-508.000000 4576.000000 2304.000000 -1768.000000 1334.000000
-508.000000 4572.000000 2308.000000 -1766.000000 1336.000000
-504.000000 4568.000000 2310.000000 -1768.000000 1340.000000
-506.000000 4574.000000 2312.000000 -1768.000000 1338.000000
-508.000000 4580.000000 2306.000000 -1774.000000 1336.000000
-508.000000 4580.000000 2304.000000 -1772.000000 1334.000000
-514.000000 4584.000000 2302.000000 -1772.000000 1336.000000
-512.000000 4582.000000 2300.000000 -1774.000000 1340.000000
-514.000000 4578.000000 2300.000000 -1774.000000 1342.000000
-518.000000 4582.000000 2300.000000 -1778.000000 1338.000000
-514.000000 4584.000000 2304.000000 -1770.000000 1332.000000
-512.000000 4584.000000 2304.000000 -1770.000000 1330.000000
-510.000000 4590.000000 2306.000000 -1768.000000 1330.000000
-512.000000 4592.000000 2308.000000 -1764.000000 1332.000000
-508.000000 4592.000000 2312.000000 -1772.000000 1336.000000
-506.000000 4596.000000 2310.000000 -1774.000000 1336.000000
-506.000000 4590.000000 2304.000000 -1774.000000 1332.000000
-508.000000 4584.000000 2304.000000 -1768.000000 1328.000000
-502.000000 4584.000000 2304.000000 -1770.000000 1326.000000
-500.000000 4582.000000 2306.000000 -1772.000000 1324.000000
-498.000000 4578.000000 2306.000000 -1778.000000 1328.000000
-494.000000 4580.000000 2310.000000 -1782.000000 1324.000000
-494.000000 4580.000000 2318.000000 -1786.000000 1330.000000
-490.000000 4576.000000 2316.000000 -1786.000000 1330.000000
-486.000000 4570.000000 2316.000000 -1786.000000 1334.000000
-484.000000 4570.000000 2312.000000 -1788.000000 1342.000000
-480.000000 4570.000000 2316.000000 -1792.000000 1344.000000
-476.000000 4568.000000 2322.000000 -1790.000000 1344.000000
-474.000000 4566.000000 2328.000000 -1788.000000 1346.000000
-476.000000 4570.000000 2332.000000 -1788.000000 1346.000000
-474.000000 4568.000000 2324.000000 -1788.000000 1348.000000
-474.000000 4568.000000 2326.000000 -1788.000000 1348.000000
-472.000000 4568.000000 2324.000000 -1788.000000 1350.000000
-470.000000 4572.000000 2322.000000 -1788.000000 1352.000000
-470.000000 4568.000000 2324.000000 -1788.000000 1354.000000
-476.000000 4566.000000 2324.000000 -1790.000000 1360.000000
-472.000000 4568.000000 2322.000000 -1794.000000 1362.000000
-472.000000 4568.000000 2322.000000 -1790.000000 1366.000000
-470.000000 4572.000000 2318.000000 -1796.000000 1366.000000
-472.000000 4570.000000 2318.000000 -1792.000000 1368.000000
-480.000000 4570.000000 2314.000000 -1794.000000 1372.000000
-480.000000 4572.000000 2316.000000 -1794.000000 1368.000000
-482.000000 4574.000000 2322.000000 -1788.000000 1374.000000
-482.000000 4576.000000 2320.000000 -1782.000000 1372.000000
-482.000000 4576.000000 2324.000000 -1778.000000 1370.000000
-478.000000 4576.000000 2318.000000 -1780.000000 1370.000000
-476.000000 4576.000000 2320.000000 -1782.000000 1368.000000
-476.000000 4578.000000 2326.000000 -1784.000000 1370.000000
-476.000000 4578.000000 2326.000000 -1784.000000 1368.000000
-478.000000 4582.000000 2322.000000 -1778.000000 1360.000000
-476.000000 4580.000000 2326.000000 -1774.000000 1360.000000
-474.000000 4576.000000 2326.000000 -1772.000000 1362.000000
-476.000000 4578.000000 2322.000000 -1774.000000 1366.000000
-474.000000 4576.000000 2318.000000 -1770.000000 1370.000000
-474.000000 4576.000000 2314.000000 -1774.000000 1370.000000
-474.000000 4574.000000 2312.000000 -1772.000000 1372.000000
-478.000000 4574.000000 2312.000000 -1770.000000 1370.000000
-478.000000 4574.000000 2316.000000 -1768.000000 1370.000000
-474.000000 4570.000000 2316.000000 -1770.000000 1372.000000
-470.000000 4568.000000 2318.000000 -1768.000000 1376.000000
-468.000000 4570.000000 2318.000000 -1768.000000 1376.000000
-474.000000 4568.000000 2318.000000 -1774.000000 1378.000000
-474.000000 4564.000000 2320.000000 -1776.000000 1376.000000
-472.000000 4566.000000 2316.000000 -1776.000000 1380.000000
-474.000000 4572.000000 2318.000000 -1780.000000 1380.000000
-472.000000 4570.000000 2316.000000 -1780.000000 1378.000000
-470.000000 4570.000000 2320.000000 -1782.000000 1382.000000
-468.000000 4568.000000 2318.000000 -1780.000000 1386.000000
-468.000000 4568.000000 2316.000000 -1784.000000 1386.000000
-472.000000 4566.000000 2318.000000 -1786.000000 1388.000000
-474.000000 4564.000000 2318.000000 -1786.000000 1390.000000
-476.000000 4566.000000 2320.000000 -1782.000000 1392.000000
-476.000000 4566.000000 2318.000000 -1782.000000 1390.000000
-478.000000 4566.000000 2318.000000 -1776.000000 1388.000000
-480.000000 4572.000000 2312.000000 -1776.000000 1392.000000
-482.000000 4576.000000 2304.000000 -1776.000000 1396.000000
-480.000000 4576.000000 2306.000000 -1774.000000 1394.000000
-482.000000 4576.000000 2310.000000 -1778.000000 1390.000000
-488.000000 4578.000000 2308.000000 -1782.000000 1390.000000
-484.000000 4578.000000 2306.000000 -1782.000000 1394.000000
-484.000000 4580.000000 2306.000000 -1786.000000 1388.000000
-484.000000 4578.000000 2306.000000 -1786.000000 1392.000000
-482.000000 4574.000000 2304.000000 -1786.000000 1392.000000
-480.000000 4578.000000 2302.000000 -1790.000000 1386.000000
-480.000000 4580.000000 2302.000000 -1790.000000 1386.000000
-482.000000 4582.000000 2304.000000 -1790.000000 1386.000000
-482.000000 4584.000000 2304.000000 -1790.000000 1386.000000
-482.000000 4584.000000 2308.000000 -1790.000000 1392.000000
-484.000000 4584.000000 2308.000000 -1784.000000 1390.000000
-486.000000 4584.000000 2312.000000 -1782.000000 1388.000000
-482.000000 4578.000000 2314.000000 -1786.000000 1382.000000
-482.000000 4584.000000 2318.000000 -1792.000000 1378.000000
-484.000000 4580.000000 2318.000000 -1792.000000 1382.000000
-484.000000 4574.000000 2320.000000 -1792.000000 1382.000000
-484.000000 4576.000000 2316.000000 -1794.000000 1380.000000
-478.000000 4578.000000 2316.000000 -1794.000000 1372.000000
-478.000000 4578.000000 2318.000000 -1788.000000 1368.000000
-476.000000 4584.000000 2322.000000 -1782.000000 1368.000000
-474.000000 4580.000000 2326.000000 -1786.000000 1368.000000
-472.000000 4582.000000 2330.000000 -1790.000000 1374.000000
-474.000000 4582.000000 2326.000000 -1796.000000 1374.000000
-470.000000 4586.000000 2328.000000 -1788.000000 1374.000000
-470.000000 4586.000000 2330.000000 -1786.000000 1374.000000
-466.000000 4590.000000 2332.000000 -1792.000000 1384.000000
-470.000000 4588.000000 2332.000000 -1792.000000 1382.000000
-476.000000 4590.000000 2336.000000 -1792.000000 1380.000000
-476.000000 4590.000000 2340.000000 -1794.000000 1376.000000
-480.000000 4594.000000 2334.000000 -1800.000000 1374.000000
-478.000000 4596.000000 2338.000000 -1800.000000 1374.000000
-480.000000 4594.000000 2334.000000 -1802.000000 1380.000000
-478.000000 4590.000000 2334.000000 -1806.000000 1378.000000
-476.000000 4592.000000 2340.000000 -1812.000000 1374.000000
-480.000000 4594.000000 2344.000000 -1810.000000 1376.000000
-484.000000 4590.000000 2344.000000 -1810.000000 1374.000000
-480.000000 4584.000000 2346.000000 -1814.000000 1374.000000
-482.000000 4584.000000 2342.000000 -1814.000000 1366.000000
-484.000000 4584.000000 2344.000000 -1818.000000 1362.000000
-482.000000 4586.000000 2344.000000 -1822.000000 1362.000000
-484.000000 4586.000000 2348.000000 -1816.000000 1366.000000
-482.000000 4584.000000 2344.000000 -1820.000000 1370.000000
-482.000000 4584.000000 2340.000000 -1818.000000 1366.000000
-480.000000 4592.000000 2342.000000 -1812.000000 1366.000000
-474.000000 4594.000000 2338.000000 -1810.000000 1366.000000
-476.000000 4594.000000 2336.000000 -1814.000000 1364.000000
-476.000000 4588.000000 2344.000000 -1812.000000 1368.000000
-478.000000 4590.000000 2344.000000 -1816.000000 1368.000000
-480.000000 4588.000000 2340.000000 -1822.000000 1368.000000
-480.000000 4590.000000 2340.000000 -1826.000000 1370.000000
-482.000000 4592.000000 2342.000000 -1826.000000 1370.000000
-480.000000 4598.000000 2346.000000 -1824.000000 1370.000000
-484.000000 4598.000000 2350.000000 -1824.000000 1364.000000
-484.000000 4596.000000 2348.000000 -1822.000000 1370.000000
-482.000000 4594.000000 2354.000000 -1822.000000 1368.000000
-480.000000 4596.000000 2354.000000 -1818.000000 1370.000000
-478.000000 4594.000000 2356.000000 -1818.000000 1364.000000
-478.000000 4590.000000 2360.000000 -1820.000000 1366.000000
-476.000000 4588.000000 2364.000000 -1824.000000 1370.000000
-480.000000 4580.000000 2370.000000 -1826.000000 1372.000000
-476.000000 4584.000000 2362.000000 -1822.000000 1374.000000
-472.000000 4588.000000 2364.000000 -1822.000000 1372.000000
-472.000000 4594.000000 2370.000000 -1824.000000 1376.000000
-472.000000 4594.000000 2368.000000 -1828.000000 1370.000000
-474.000000 4598.000000 2368.000000 -1820.000000 1376.000000
-478.000000 4596.000000 2366.000000 -1824.000000 1374.000000
-482.000000 4596.000000 2362.000000 -1828.000000 1376.000000
-484.000000 4592.000000 2366.000000 -1830.000000 1378.000000
-482.000000 4592.000000 2366.000000 -1826.000000 1376.000000
-482.000000 4594.000000 2370.000000 -1826.000000 1378.000000
-480.000000 4594.000000 2372.000000 -1824.000000 1378.000000
-482.000000 4592.000000 2368.000000 -1826.000000 1380.000000
-488.000000 4592.000000 2368.000000 -1830.000000 1376.000000
-488.000000 4590.000000 2364.000000 -1836.000000 1378.000000
-486.000000 4584.000000 2362.000000 -1836.000000 1378.000000
-484.000000 4582.000000 2360.000000 -1834.000000 1376.000000
-486.000000 4586.000000 2362.000000 -1834.000000 1374.000000
-490.000000 4590.000000 2364.000000 -1836.000000 1380.000000
-488.000000 4594.000000 2360.000000 -1834.000000 1378.000000
-484.000000 4596.000000 2360.000000 -1830.000000 1380.000000
-484.000000 4598.000000 2362.000000 -1828.000000 1382.000000
-486.000000 4598.000000 2364.000000 -1832.000000 1380.000000
-486.000000 4594.000000 2364.000000 -1828.000000 1376.000000
-488.000000 4592.000000 2366.000000 -1828.000000 1372.000000
-486.000000 4594.000000 2370.000000 -1828.000000 1368.000000
-488.000000 4596.000000 2372.000000 -1828.000000 1364.000000
-484.000000 4596.000000 2370.000000 -1826.000000 1360.000000
-482.000000 4600.000000 2374.000000 -1830.000000 1358.000000
-476.000000 4600.000000 2372.000000 -1830.000000 1362.000000
-476.000000 4602.000000 2380.000000 -1832.000000 1362.000000
-478.000000 4598.000000 2376.000000 -1834.000000 1360.000000
-480.000000 4604.000000 2378.000000 -1830.000000 1362.000000
-480.000000 4604.000000 2380.000000 -1836.000000 1362.000000
-480.000000 4604.000000 2382.000000 -1838.000000 1364.000000
-480.000000 4608.000000 2380.000000 -1838.000000 1368.000000
-488.000000 4606.000000 2380.000000 -1842.000000 1370.000000
-492.000000 4610.000000 2382.000000 -1840.000000 1374.000000
-496.000000 4606.000000 2378.000000 -1840.000000 1372.000000
-496.000000 4606.000000 2380.000000 -1840.000000 1368.000000
-498.000000 4606.000000 2382.000000 -1842.000000 1368.000000
-500.000000 4606.000000 2378.000000 -1832.000000 1364.000000
-502.000000 4612.000000 2374.000000 -1830.000000 1364.000000
-508.000000 4612.000000 2368.000000 -1832.000000 1364.000000
-504.000000 4612.000000 2366.000000 -1834.000000 1376.000000
-506.000000 4608.000000 2368.000000 -1832.000000 1382.000000
