2.000000 2.125000 2.250000 2.375000 2.500000
1280.000000 -562.000000 -40.000000 1036.000000 1174.000000
1280.000000 -566.000000 -44.000000 1034.000000 1176.000000
1284.000000 -568.000000 -44.000000 1036.000000 1170.000000
1284.000000 -570.000000 -46.000000 1040.000000 1166.000000
1284.000000 -570.000000 -48.000000 1038.000000 1174.000000
1284.000000 -566.000000 -46.000000 1036.000000 1170.000000
1282.000000 -562.000000 -46.000000 1034.000000 1170.000000
1278.000000 -558.000000 -46.000000 1034.000000 1168.000000
1278.000000 -558.000000 -44.000000 1038.000000 1172.000000
1276.000000 -558.000000 -40.000000 1040.000000 1176.000000
1276.000000 -556.000000 -36.000000 1040.000000 1176.000000
1274.000000 -554.000000 -38.000000 1038.000000 1178.000000
1272.000000 -558.000000 -38.000000 1038.000000 1178.000000
1272.000000 -558.000000 -42.000000 1040.000000 1182.000000
1272.000000 -560.000000 -40.000000 1040.000000 1184.000000
1270.000000 -558.000000 -44.000000 1036.000000 1184.000000
1264.000000 -558.000000 -46.000000 1040.000000 1178.000000
1270.000000 -560.000000 -48.000000 1038.000000 1182.000000
1266.000000 -554.000000 -46.000000 1040.000000 1186.000000
1266.000000 -548.000000 -36.000000 1044.000000 1188.000000
1262.000000 -554.000000 -32.000000 1044.000000 1192.000000
1264.000000 -550.000000 -28.000000 1042.000000 1188.000000
1266.000000 -550.000000 -30.000000 1046.000000 1184.000000
1264.000000 -552.000000 -32.000000 1048.000000 1182.000000
1264.000000 -554.000000 -32.000000 1046.000000 1184.000000
1264.000000 -558.000000 -34.000000 1046.000000 1184.000000
1262.000000 -554.000000 -34.000000 1042.000000 1182.000000
1266.000000 -558.000000 -30.000000 1040.000000 1184.000000
1264.000000 -560.000000 -30.000000 1040.000000 1182.000000
1266.000000 -558.000000 -30.000000 1038.000000 1182.000000
1266.000000 -556.000000 -34.000000 1040.000000 1184.000000
1264.000000 -556.000000 -36.000000 1042.000000 1184.000000
1264.000000 -558.000000 -36.000000 1042.000000 1182.000000
1262.000000 -566.000000 -38.000000 1044.000000 1190.000000
1268.000000 -564.000000 -40.000000 1044.000000 1184.000000
1266.000000 -564.000000 -42.000000 1046.000000 1184.000000
1268.000000 -562.000000 -44.000000 1042.000000 1182.000000
1268.000000 -556.000000 -38.000000 1046.000000 1188.000000
1266.000000 -558.000000 -32.000000 1044.000000 1186.000000
1268.000000 -558.000000 -36.000000 1042.000000 1184.000000
1264.000000 -556.000000 -46.000000 1038.000000 1176.000000
1262.000000 -558.000000 -50.000000 1040.000000 1174.000000
1262.000000 -548.000000 -44.000000 1044.000000 1174.000000
1264.000000 -550.000000 -46.000000 1044.000000 1174.000000
1262.000000 -552.000000 -48.000000 1046.000000 1170.000000
1264.000000 -554.000000 -48.000000 1046.000000 1168.000000
1262.000000 -552.000000 -50.000000 1044.000000 1166.000000
1260.000000 -552.000000 -52.000000 1042.000000 1172.000000
1262.000000 -550.000000 -52.000000 1040.000000 1170.000000
1264.000000 -552.000000 -54.000000 1040.000000 1168.000000
1264.000000 -552.000000 -60.000000 1038.000000 1174.000000
1264.000000 -548.000000 -66.000000 1038.000000 1176.000000
1266.000000 -546.000000 -64.000000 1036.000000 1176.000000
1266.000000 -548.000000 -60.000000 1032.000000 1170.000000
1266.000000 -548.000000 -60.000000 1030.000000 1172.000000
1268.000000 -552.000000 -60.000000 1026.000000 1172.000000
1264.000000 -550.000000 -62.000000 1026.000000 1170.000000
1264.000000 -546.000000 -64.000000 1026.000000 1166.000000
1262.000000 -544.000000 -64.000000 1028.000000 1166.000000
1260.000000 -542.000000 -64.000000 1028.000000 1164.000000
1252.000000 -546.000000 -64.000000 1024.000000 1164.000000
1252.000000 -546.000000 -62.000000 1024.000000 1164.000000
1246.000000 -552.000000 -56.000000 1022.000000 1166.000000
1246.000000 -554.000000 -58.000000 1022.000000 1164.000000
1246.000000 -554.000000 -62.000000 1024.000000 1168.000000
1242.000000 -556.000000 -62.000000 1016.000000 1166.000000
1242.000000 -552.000000 -66.000000 1016.000000 1160.000000
1242.000000 -550.000000 -62.000000 1020.000000 1164.000000
1244.000000 -550.000000 -62.000000 1022.000000 1164.000000
1250.000000 -550.000000 -62.000000 1018.000000 1162.000000
1254.000000 -548.000000 -64.000000 1024.000000 1160.000000
1252.000000 -550.000000 -58.000000 1022.000000 1156.000000
1252.000000 -548.000000 -60.000000 1022.000000 1158.000000
1254.000000 -548.000000 -60.000000 1020.000000 1158.000000
1254.000000 -548.000000 -58.000000 1018.000000 1154.000000
1252.000000 -546.000000 -54.000000 1018.000000 1156.000000
1250.000000 -556.000000 -58.000000 1010.000000 1162.000000
1252.000000 -554.000000 -56.000000 1012.000000 1166.000000
1252.000000 -552.000000 -60.000000 1010.000000 1170.000000
1250.000000 -552.000000 -60.000000 1010.000000 1168.000000
1248.000000 -550.000000 -54.000000 1008.000000 1162.000000
1256.000000 -554.000000 -60.000000 1014.000000 1168.000000
1256.000000 -552.000000 -58.000000 1018.000000 1168.000000
1258.000000 -552.000000 -58.000000 1014.000000 1168.000000
1258.000000 -550.000000 -56.000000 1012.000000 1170.000000
1258.000000 -548.000000 -54.000000 1010.000000 1178.000000
1256.000000 -544.000000 -50.000000 1014.000000 1180.000000
1260.000000 -538.000000 -48.000000 1018.000000 1184.000000
1260.000000 -542.000000 -52.000000 1014.000000 1184.000000
1262.000000 -542.000000 -50.000000 1016.000000 1188.000000
1264.000000 -540.000000 -46.000000 1012.000000 1188.000000
1262.000000 -540.000000 -46.000000 1016.000000 1190.000000
1260.000000 -542.000000 -46.000000 1018.000000 1188.000000
1260.000000 -540.000000 -46.000000 1018.000000 1186.000000
1258.000000 -540.000000 -46.000000 1016.000000 1188.000000
1258.000000 -540.000000 -44.000000 1020.000000 1196.000000
1260.000000 -540.000000 -48.000000 1022.000000 1206.000000
1260.000000 -540.000000 -44.000000 1022.000000 1208.000000
1258.000000 -548.000000 -42.000000 1020.000000 1206.000000
1260.000000 -548.000000 -46.000000 1014.000000 1204.000000
1260.000000 -552.000000 -50.000000 1016.000000 1206.000000
1262.000000 -552.000000 -48.000000 1022.000000 1202.000000
1264.000000 -552.000000 -44.000000 1022.000000 1202.000000
1264.000000 -548.000000 -46.000000 1016.000000 1202.000000
1264.000000 -550.000000 -46.000000 1016.000000 1204.000000
1268.000000 -550.000000 -42.000000 1018.000000 1204.000000
1266.000000 -550.000000 -44.000000 1022.000000 1202.000000
1266.000000 -554.000000 -44.000000 1024.000000 1210.000000
1268.000000 -556.000000 -42.000000 1026.000000 1210.000000
1268.000000 -550.000000 -40.000000 1026.000000 1216.000000
1270.000000 -550.000000 -42.000000 1028.000000 1214.000000
1272.000000 -550.000000 -38.000000 1028.000000 1216.000000
1268.000000 -544.000000 -40.000000 1030.000000 1220.000000
1270.000000 -544.000000 -40.000000 1032.000000 1220.000000
1268.000000 -548.000000 -42.000000 1028.000000 1228.000000
1268.000000 -546.000000 -40.000000 1024.000000 1226.000000
1274.000000 -548.000000 -40.000000 1022.000000 1226.000000
1272.000000 -548.000000 -36.000000 1022.000000 1228.000000
1270.000000 -554.000000 -40.000000 1022.000000 1226.000000
1276.000000 -556.000000 -36.000000 1026.000000 1228.000000
1274.000000 -562.000000 -32.000000 1024.000000 1230.000000
1274.000000 -562.000000 -32.000000 1024.000000 1236.000000
1274.000000 -564.000000 -30.000000 1028.000000 1234.000000
1278.000000 -560.000000 -24.000000 1030.000000 1234.000000
1274.000000 -562.000000 -26.000000 1026.000000 1228.000000
1274.000000 -562.000000 -22.000000 1024.000000 1230.000000
1272.000000 -564.000000 -20.000000 1020.000000 1226.000000
1272.000000 -566.000000 -16.000000 1016.000000 1224.000000
1274.000000 -564.000000 -20.000000 1016.000000 1222.000000
1280.000000 -566.000000 -18.000000 1018.000000 1220.000000
1280.000000 -566.000000 -24.000000 1022.000000 1218.000000
1278.000000 -568.000000 -20.000000 1018.000000 1208.000000
1280.000000 -568.000000 -28.000000 1018.000000 1216.000000
1282.000000 -564.000000 -24.000000 1020.000000 1220.000000
1288.000000 -560.000000 -22.000000 1022.000000 1220.000000
1296.000000 -556.000000 -16.000000 1022.000000 1220.000000
1294.000000 -558.000000 -20.000000 1020.000000 1218.000000
1292.000000 -558.000000 -24.000000 1016.000000 1214.000000
1292.000000 -558.000000 -24.000000 1014.000000 1220.000000
1294.000000 -560.000000 -22.000000 1010.000000 1224.000000
1296.000000 -560.000000 -26.000000 1004.000000 1224.000000
1290.000000 -558.000000 -26.000000 1008.000000 1224.000000
1290.000000 -558.000000 -26.000000 1004.000000 1230.000000
1284.000000 -562.000000 -28.000000 1004.000000 1224.000000
1286.000000 -560.000000 -32.000000 1000.000000 1224.000000
1290.000000 -556.000000 -36.000000 1006.000000 1226.000000
1292.000000 -558.000000 -34.000000 1006.000000 1218.000000
1292.000000 -556.000000 -34.000000 1004.000000 1220.000000
1290.000000 -554.000000 -42.000000 1004.000000 1224.000000
1294.000000 -552.000000 -40.000000 1004.000000 1228.000000
1296.000000 -552.000000 -46.000000 1008.000000 1224.000000
1296.000000 -552.000000 -50.000000 1006.000000 1222.000000
1290.000000 -556.000000 -54.000000 1002.000000 1220.000000
1292.000000 -556.000000 -58.000000 1002.000000 1218.000000
1292.000000 -554.000000 -60.000000 1004.000000 1220.000000
1294.000000 -548.000000 -64.000000 1006.000000 1226.000000
1290.000000 -548.000000 -62.000000 1008.000000 1220.000000
1294.000000 -552.000000 -56.000000 1014.000000 1222.000000
1296.000000 -554.000000 -58.000000 1012.000000 1224.000000
1296.000000 -552.000000 -58.000000 1010.000000 1224.000000
1296.000000 -554.000000 -62.000000 1016.000000 1230.000000
1294.000000 -560.000000 -66.000000 1018.000000 1230.000000
1300.000000 -558.000000 -68.000000 1016.000000 1234.000000
1300.000000 -556.000000 -62.000000 1014.000000 1234.000000
1300.000000 -556.000000 -62.000000 1016.000000 1234.000000
1306.000000 -554.000000 -66.000000 1020.000000 1230.000000
1302.000000 -558.000000 -62.000000 1016.000000 1238.000000
1298.000000 -558.000000 -62.000000 1014.000000 1234.000000
1306.000000 -564.000000 -66.000000 1014.000000 1232.000000
1306.000000 -566.000000 -60.000000 1010.000000 1236.000000
1306.000000 -570.000000 -58.000000 1014.000000 1238.000000
1310.000000 -572.000000 -58.000000 1010.000000 1238.000000
1308.000000 -572.000000 -60.000000 1006.000000 1240.000000
1310.000000 -574.000000 -66.000000 1004.000000 1240.000000
1306.000000 -572.000000 -66.000000 1002.000000 1242.000000
1304.000000 -576.000000 -72.000000 1002.000000 1246.000000
1310.000000 -578.000000 -70.000000 1004.000000 1244.000000
1310.000000 -580.000000 -72.000000 1000.000000 1246.000000
1310.000000 -584.000000 -70.000000 1002.000000 1246.000000
1308.000000 -586.000000 -68.000000 1004.000000 1242.000000
1308.000000 -588.000000 -68.000000 1004.000000 1242.000000
1308.000000 -586.000000 -64.000000 1004.000000 1242.000000
1306.000000 -586.000000 -66.000000 1004.000000 1242.000000
1308.000000 -588.000000 -66.000000 998.000000 1244.000000
1308.000000 -588.000000 -66.000000 998.000000 1250.000000
1308.000000 -588.000000 -68.000000 996.000000 1250.000000
1308.000000 -584.000000 -72.000000 996.000000 1254.000000
1306.000000 -586.000000 -74.000000 998.000000 1248.000000
1304.000000 -582.000000 -72.000000 990.000000 1250.000000
1302.000000 -584.000000 -72.000000 986.000000 1254.000000
1302.000000 -586.000000 -70.000000 982.000000 1252.000000
1306.000000 -588.000000 -64.000000 982.000000 1246.000000
1308.000000 -588.000000 -60.000000 988.000000 1244.000000
1310.000000 -590.000000 -60.000000 986.000000 1246.000000
1310.000000 -590.000000 -62.000000 986.000000 1244.000000
1308.000000 -590.000000 -62.000000 986.000000 1240.000000
1306.000000 -592.000000 -64.000000 982.000000 1232.000000
1306.000000 -594.000000 -68.000000 984.000000 1234.000000
1304.000000 -592.000000 -72.000000 978.000000 1236.000000
1300.000000 -598.000000 -72.000000 978.000000 1240.000000
1300.000000 -596.000000 -68.000000 986.000000 1244.000000
1300.000000 -594.000000 -68.000000 984.000000 1240.000000
1298.000000 -594.000000 -62.000000 984.000000 1236.000000
1298.000000 -594.000000 -64.000000 988.000000 1240.000000
1298.000000 -594.000000 -66.000000 996.000000 1240.000000
1296.000000 -594.000000 -62.000000 1004.000000 1246.000000
1300.000000 -590.000000 -60.000000 1006.000000 1252.000000
1302.000000 -594.000000 -66.000000 1010.000000 1254.000000
1304.000000 -600.000000 -68.000000 1010.000000 1246.000000
1298.000000 -604.000000 -68.000000 1012.000000 1248.000000
1298.000000 -600.000000 -66.000000 1014.000000 1246.000000
1298.000000 -600.000000 -68.000000 1020.000000 1252.000000
1298.000000 -604.000000 -70.000000 1018.000000 1250.000000
1296.000000 -602.000000 -66.000000 1016.000000 1250.000000
1296.000000 -608.000000 -62.000000 1020.000000 1248.000000
1298.000000 -608.000000 -60.000000 1022.000000 1248.000000
1298.000000 -608.000000 -62.000000 1020.000000 1248.000000
1300.000000 -612.000000 -58.000000 1024.000000 1250.000000
1300.000000 -610.000000 -60.000000 1026.000000 1252.000000
1298.000000 -616.000000 -68.000000 1028.000000 1250.000000
1298.000000 -614.000000 -70.000000 1024.000000 1248.000000
1300.000000 -614.000000 -74.000000 1028.000000 1246.000000
1298.000000 -618.000000 -78.000000 1030.000000 1248.000000
1298.000000 -622.000000 -78.000000 1028.000000 1250.000000
1300.000000 -624.000000 -82.000000 1028.000000 1252.000000
1296.000000 -624.000000 -86.000000 1026.000000 1246.000000
1300.000000 -622.000000 -82.000000 1020.000000 1244.000000
1306.000000 -620.000000 -82.000000 1020.000000 1240.000000
1310.000000 -618.000000 -78.000000 1018.000000 1236.000000
1316.000000 -618.000000 -70.000000 1020.000000 1240.000000
1318.000000 -612.000000 -66.000000 1018.000000 1244.000000
1316.000000 -610.000000 -68.000000 1016.000000 1242.000000
1316.000000 -616.000000 -68.000000 1016.000000 1244.000000
1318.000000 -606.000000 -68.000000 1020.000000 1250.000000
1318.000000 -606.000000 -72.000000 1018.000000 1254.000000
1312.000000 -610.000000 -74.000000 1016.000000 1252.000000
1314.000000 -606.000000 -74.000000 1012.000000 1252.000000
1312.000000 -604.000000 -74.000000 1010.000000 1252.000000
1310.000000 -604.000000 -76.000000 1010.000000 1250.000000
1312.000000 -598.000000 -74.000000 1010.000000 1246.000000
1314.000000 -594.000000 -72.000000 1016.000000 1248.000000
1308.000000 -592.000000 -74.000000 1016.000000 1254.000000
1310.000000 -596.000000 -74.000000 1018.000000 1258.000000
1312.000000 -598.000000 -78.000000 1016.000000 1254.000000
1314.000000 -600.000000 -78.000000 1018.000000 1258.000000
1310.000000 -598.000000 -76.000000 1022.000000 1262.000000
1308.000000 -600.000000 -80.000000 1022.000000 1268.000000
1310.000000 -598.000000 -78.000000 1020.000000 1268.000000
1312.000000 -600.000000 -86.000000 1026.000000 1270.000000
1312.000000 -598.000000 -88.000000 1028.000000 1274.000000
1312.000000 -598.000000 -88.000000 1028.000000 1272.000000
1310.000000 -600.000000 -84.000000 1032.000000 1276.000000
1310.000000 -600.000000 -84.000000 1032.000000 1276.000000
1314.000000 -602.000000 -88.000000 1026.000000 1272.000000
1314.000000 -604.000000 -88.000000 1032.000000 1272.000000
1316.000000 -610.000000 -90.000000 1028.000000 1268.000000
1316.000000 -604.000000 -90.000000 1032.000000 1270.000000
1312.000000 -606.000000 -94.000000 1030.000000 1276.000000
1310.000000 -606.000000 -92.000000 1032.000000 1274.000000
1310.000000 -606.000000 -92.000000 1032.000000 1274.000000
1308.000000 -604.000000 -92.000000 1036.000000 1278.000000
1306.000000 -604.000000 -94.000000 1036.000000 1282.000000
1308.000000 -606.000000 -98.000000 1032.000000 1286.000000
1310.000000 -608.000000 -100.000000 1032.000000 1282.000000
1310.000000 -614.000000 -106.000000 1030.000000 1284.000000
1312.000000 -614.000000 -106.000000 1030.000000 1286.000000
1312.000000 -612.000000 -106.000000 1028.000000 1282.000000
1314.000000 -618.000000 -108.000000 1026.000000 1286.000000
1318.000000 -618.000000 -106.000000 1026.000000 1290.000000
1316.000000 -618.000000 -108.000000 1024.000000 1290.000000
1318.000000 -620.000000 -108.000000 1022.000000 1288.000000
1320.000000 -616.000000 -110.000000 1018.000000 1288.000000
1322.000000 -614.000000 -106.000000 1016.000000 1294.000000
1324.000000 -612.000000 -108.000000 1012.000000 1292.000000
1328.000000 -608.000000 -114.000000 1014.000000 1284.000000
1328.000000 -608.000000 -110.000000 1018.000000 1282.000000
1328.000000 -608.000000 -114.000000 1022.000000 1286.000000
1326.000000 -612.000000 -118.000000 1014.000000 1292.000000
1334.000000 -602.000000 -116.000000 1024.000000 1298.000000
1332.000000 -600.000000 -116.000000 1026.000000 1302.000000
1326.000000 -604.000000 -122.000000 1020.000000 1300.000000
1326.000000 -604.000000 -126.000000 1018.000000 1296.000000
1324.000000 -606.000000 -128.000000 1018.000000 1298.000000
1322.000000 -604.000000 -126.000000 1020.000000 1296.000000
1316.000000 -604.000000 -130.000000 1016.000000 1296.000000
1318.000000 -600.000000 -130.000000 1018.000000 1294.000000
1320.000000 -598.000000 -128.000000 1020.000000 1296.000000
1322.000000 -598.000000 -126.000000 1020.000000 1294.000000
1324.000000 -604.000000 -126.000000 1022.000000 1290.000000
1320.000000 -606.000000 -126.000000 1024.000000 1292.000000
1320.000000 -604.000000 -126.000000 1026.000000 1288.000000
1320.000000 -604.000000 -124.000000 1026.000000 1296.000000
1316.000000 -606.000000 -122.000000 1024.000000 1296.000000
1316.000000 -606.000000 -128.000000 1020.000000 1296.000000
1308.000000 -606.000000 -128.000000 1018.000000 1294.000000
1304.000000 -604.000000 -132.000000 1016.000000 1292.000000
1304.000000 -604.000000 -130.000000 1018.000000 1298.000000
1304.000000 -602.000000 -126.000000 1012.000000 1290.000000
1308.000000 -600.000000 -118.000000 1020.000000 1296.000000
1310.000000 -604.000000 -122.000000 1024.000000 1290.000000
1310.000000 -606.000000 -118.000000 1020.000000 1288.000000
1316.000000 -604.000000 -116.000000 1016.000000 1292.000000
1316.000000 -608.000000 -114.000000 1014.000000 1288.000000
1316.000000 -608.000000 -112.000000 1016.000000 1294.000000
1316.000000 -606.000000 -114.000000 1012.000000 1294.000000
1318.000000 -608.000000 -120.000000 1010.000000 1290.000000
1322.000000 -606.000000 -120.000000 1010.000000 1290.000000
1322.000000 -606.000000 -120.000000 1010.000000 1288.000000
1322.000000 -602.000000 -122.000000 1010.000000 1284.000000
1316.000000 -602.000000 -120.000000 1010.000000 1282.000000
1316.000000 -602.000000 -122.000000 1014.000000 1284.000000
1318.000000 -598.000000 -120.000000 1020.000000 1284.000000
1316.000000 -600.000000 -120.000000 1018.000000 1282.000000
1314.000000 -604.000000 -128.000000 1016.000000 1278.000000
1316.000000 -600.000000 -128.000000 1018.000000 1276.000000
1314.000000 -600.000000 -124.000000 1016.000000 1276.000000
1316.000000 -600.000000 -126.000000 1018.000000 1280.000000
1318.000000 -604.000000 -122.000000 1018.000000 1280.000000
1316.000000 -604.000000 -130.000000 1020.000000 1284.000000
1316.000000 -608.000000 -130.000000 1016.000000 1282.000000
1310.000000 -604.000000 -138.000000 1014.000000 1284.000000
1306.000000 -606.000000 -140.000000 1012.000000 1284.000000
1304.000000 -608.000000 -140.000000 1014.000000 1280.000000
1306.000000 -608.000000 -138.000000 1022.000000 1272.000000
1306.000000 -606.000000 -136.000000 1022.000000 1268.000000
1306.000000 -612.000000 -136.000000 1020.000000 1270.000000
1306.000000 -612.000000 -126.000000 1018.000000 1276.000000
1306.000000 -612.000000 -124.000000 1020.000000 1276.000000
1306.000000 -616.000000 -124.000000 1020.000000 1278.000000
1306.000000 -620.000000 -120.000000 1018.000000 1280.000000
1308.000000 -620.000000 -122.000000 1020.000000 1282.000000
1304.000000 -624.000000 -124.000000 1018.000000 1282.000000
1306.000000 -626.000000 -126.000000 1014.000000 1276.000000
1306.000000 -630.000000 -130.000000 1010.000000 1268.000000
1308.000000 -628.000000 -132.000000 1012.000000 1268.000000
1306.000000 -632.000000 -134.000000 1010.000000 1268.000000
1304.000000 -630.000000 -134.000000 1010.000000 1264.000000
1302.000000 -630.000000 -124.000000 1010.000000 1264.000000
1300.000000 -628.000000 -124.000000 1010.000000 1262.000000
1298.000000 -630.000000 -126.000000 1016.000000 1266.000000
1298.000000 -632.000000 -126.000000 1020.000000 1258.000000
1292.000000 -636.000000 -126.000000 1014.000000 1254.000000
1290.000000 -634.000000 -126.000000 1012.000000 1246.000000
1292.000000 -636.000000 -122.000000 1010.000000 1252.000000
1290.000000 -640.000000 -124.000000 1014.000000 1252.000000
1290.000000 -640.000000 -126.000000 1010.000000 1258.000000
1286.000000 -636.000000 -132.000000 1010.000000 1256.000000
1288.000000 -632.000000 -130.000000 1008.000000 1256.000000
1290.000000 -626.000000 -134.000000 1006.000000 1256.000000
1294.000000 -624.000000 -134.000000 1008.000000 1262.000000
1296.000000 -624.000000 -132.000000 1012.000000 1270.000000
1296.000000 -622.000000 -134.000000 1008.000000 1272.000000
1294.000000 -620.000000 -132.000000 1006.000000 1280.000000
1294.000000 -618.000000 -134.000000 1008.000000 1276.000000
1290.000000 -614.000000 -134.000000 1010.000000 1272.000000
1292.000000 -602.000000 -130.000000 1008.000000 1270.000000
1294.000000 -604.000000 -128.000000 1000.000000 1270.000000
1296.000000 -604.000000 -130.000000 990.000000 1270.000000
1290.000000 -604.000000 -128.000000 986.000000 1266.000000
1290.000000 -604.000000 -126.000000 982.000000 1262.000000
1294.000000 -602.000000 -126.000000 982.000000 1258.000000
1294.000000 -600.000000 -120.000000 984.000000 1262.000000
1292.000000 -602.000000 -118.000000 988.000000 1262.000000
1298.000000 -604.000000 -120.000000 986.000000 1264.000000
1298.000000 -604.000000 -116.000000 988.000000 1266.000000
1304.000000 -602.000000 -112.000000 986.000000 1266.000000
1304.000000 -602.000000 -110.000000 984.000000 1272.000000
1304.000000 -600.000000 -104.000000 980.000000 1272.000000
1300.000000 -604.000000 -108.000000 982.000000 1270.000000
1304.000000 -602.000000 -108.000000 984.000000 1268.000000
1306.000000 -602.000000 -102.000000 982.000000 1270.000000
1302.000000 -600.000000 -108.000000 986.000000 1266.000000
1306.000000 -602.000000 -108.000000 986.000000 1264.000000
1304.000000 -604.000000 -110.000000 986.000000 1264.000000
1302.000000 -606.000000 -108.000000 992.000000 1268.000000
1304.000000 -604.000000 -108.000000 994.000000 1270.000000
1306.000000 -600.000000 -106.000000 996.000000 1274.000000
1306.000000 -598.000000 -108.000000 996.000000 1262.000000
1308.000000 -600.000000 -108.000000 992.000000 1258.000000
1304.000000 -608.000000 -114.000000 994.000000 1262.000000
1304.000000 -606.000000 -112.000000 994.000000 1256.000000
1304.000000 -604.000000 -112.000000 996.000000 1258.000000
1308.000000 -602.000000 -102.000000 996.000000 1254.000000
1310.000000 -604.000000 -102.000000 996.000000 1256.000000
1312.000000 -604.000000 -94.000000 1002.000000 1252.000000
1312.000000 -604.000000 -92.000000 998.000000 1250.000000
1316.000000 -606.000000 -96.000000 1000.000000 1256.000000
1314.000000 -604.000000 -96.000000 998.000000 1252.000000
1314.000000 -602.000000 -96.000000 1002.000000 1256.000000
1314.000000 -598.000000 -94.000000 1010.000000 1258.000000
1316.000000 -600.000000 -100.000000 1008.000000 1254.000000
1316.000000 -596.000000 -100.000000 1004.000000 1250.000000
1318.000000 -594.000000 -100.000000 1004.000000 1250.000000
1324.000000 -586.000000 -94.000000 1006.000000 1246.000000
1324.000000 -584.000000 -92.000000 1008.000000 1246.000000
1328.000000 -580.000000 -90.000000 1012.000000 1246.000000
1332.000000 -578.000000 -86.000000 1010.000000 1248.000000
1332.000000 -576.000000 -84.000000 1010.000000 1246.000000
1334.000000 -576.000000 -82.000000 1012.000000 1244.000000
1338.000000 -578.000000 -76.000000 1014.000000 1248.000000
1336.000000 -580.000000 -82.000000 1014.000000 1250.000000
1332.000000 -576.000000 -76.000000 1016.000000 1258.000000
1330.000000 -574.000000 -80.000000 1020.000000 1258.000000
1330.000000 -574.000000 -76.000000 1028.000000 1258.000000
1328.000000 -574.000000 -76.000000 1024.000000 1254.000000
1324.000000 -570.000000 -76.000000 1026.000000 1254.000000
1324.000000 -572.000000 -80.000000 1026.000000 1256.000000
1324.000000 -570.000000 -78.000000 1026.000000 1252.000000
1324.000000 -562.000000 -74.000000 1028.000000 1252.000000
1326.000000 -556.000000 -72.000000 1030.000000 1252.000000
1324.000000 -562.000000 -72.000000 1026.000000 1250.000000
1326.000000 -558.000000 -66.000000 1024.000000 1254.000000
1324.000000 -556.000000 -72.000000 1026.000000 1250.000000
1322.000000 -556.000000 -70.000000 1028.000000 1254.000000
1322.000000 -556.000000 -70.000000 1026.000000 1254.000000
1322.000000 -556.000000 -74.000000 1026.000000 1252.000000
1320.000000 -562.000000 -72.000000 1028.000000 1260.000000
1322.000000 -560.000000 -70.000000 1030.000000 1264.000000
1322.000000 -558.000000 -72.000000 1030.000000 1262.000000
1322.000000 -556.000000 -70.000000 1030.000000 1262.000000
1322.000000 -556.000000 -72.000000 1032.000000 1266.000000
1322.000000 -556.000000 -72.000000 1038.000000 1270.000000
1320.000000 -558.000000 -70.000000 1038.000000 1268.000000
1318.000000 -560.000000 -70.000000 1038.000000 1272.000000
1316.000000 -560.000000 -68.000000 1040.000000 1272.000000
1320.000000 -558.000000 -62.000000 1042.000000 1270.000000
1320.000000 -558.000000 -62.000000 1042.000000 1270.000000
1320.000000 -560.000000 -62.000000 1038.000000 1268.000000
1322.000000 -558.000000 -64.000000 1048.000000 1274.000000
1322.000000 -562.000000 -64.000000 1050.000000 1276.000000
1322.000000 -564.000000 -68.000000 1048.000000 1270.000000
1322.000000 -568.000000 -70.000000 1050.000000 1272.000000
1322.000000 -568.000000 -64.000000 1054.000000 1272.000000
1318.000000 -568.000000 -66.000000 1048.000000 1272.000000
1316.000000 -568.000000 -70.000000 1048.000000 1270.000000
1318.000000 -568.000000 -66.000000 1052.000000 1272.000000
1322.000000 -570.000000 -66.000000 1050.000000 1272.000000
1322.000000 -564.000000 -68.000000 1054.000000 1270.000000
1322.000000 -566.000000 -68.000000 1052.000000 1274.000000
1322.000000 -566.000000 -68.000000 1056.000000 1278.000000
1320.000000 -572.000000 -74.000000 1054.000000 1270.000000
1320.000000 -576.000000 -80.000000 1054.000000 1262.000000
1316.000000 -574.000000 -78.000000 1052.000000 1264.000000
1316.000000 -576.000000 -80.000000 1048.000000 1262.000000
1316.000000 -576.000000 -76.000000 1046.000000 1260.000000
1316.000000 -576.000000 -72.000000 1048.000000 1262.000000
1314.000000 -574.000000 -74.000000 1054.000000 1264.000000
1310.000000 -570.000000 -70.000000 1054.000000 1262.000000
1306.000000 -566.000000 -70.000000 1058.000000 1258.000000
1310.000000 -558.000000 -66.000000 1056.000000 1262.000000
1316.000000 -554.000000 -68.000000 1052.000000 1252.000000
1316.000000 -556.000000 -70.000000 1046.000000 1250.000000
1312.000000 -558.000000 -72.000000 1050.000000 1246.000000
1312.000000 -562.000000 -76.000000 1044.000000 1248.000000
1310.000000 -562.000000 -70.000000 1048.000000 1254.000000
1308.000000 -562.000000 -72.000000 1048.000000 1256.000000
1306.000000 -558.000000 -72.000000 1042.000000 1256.000000
1300.000000 -560.000000 -72.000000 1040.000000 1254.000000
1302.000000 -564.000000 -72.000000 1040.000000 1258.000000
1298.000000 -562.000000 -74.000000 1036.000000 1262.000000
1296.000000 -560.000000 -72.000000 1038.000000 1266.000000
1300.000000 -564.000000 -74.000000 1040.000000 1256.000000
1296.000000 -566.000000 -70.000000 1042.000000 1252.000000
1298.000000 -570.000000 -74.000000 1046.000000 1254.000000
1302.000000 -566.000000 -76.000000 1046.000000 1252.000000
1306.000000 -568.000000 -70.000000 1048.000000 1248.000000
1306.000000 -572.000000 -72.000000 1046.000000 1250.000000
1310.000000 -572.000000 -72.000000 1050.000000 1248.000000
1306.000000 -578.000000 -68.000000 1054.000000 1254.000000
1312.000000 -576.000000 -72.000000 1052.000000 1250.000000
1312.000000 -578.000000 -74.000000 1056.000000 1246.000000
1314.000000 -578.000000 -72.000000 1056.000000 1252.000000
1316.000000 -578.000000 -70.000000 1050.000000 1258.000000
1318.000000 -578.000000 -74.000000 1048.000000 1256.000000
1320.000000 -578.000000 -80.000000 1042.000000 1254.000000
1324.000000 -574.000000 -76.000000 1036.000000 1256.000000
1328.000000 -572.000000 -80.000000 1036.000000 1258.000000
1328.000000 -570.000000 -80.000000 1036.000000 1260.000000
1330.000000 -568.000000 -80.000000 1036.000000 1258.000000
1332.000000 -568.000000 -74.000000 1036.000000 1262.000000
1330.000000 -572.000000 -70.000000 1034.000000 1256.000000
1328.000000 -574.000000 -68.000000 1028.000000 1256.000000
1330.000000 -574.000000 -64.000000 1032.000000 1252.000000
1326.000000 -576.000000 -62.000000 1028.000000 1254.000000
1324.000000 -578.000000 -60.000000 1038.000000 1258.000000
1320.000000 -580.000000 -60.000000 1036.000000 1256.000000
1314.000000 -586.000000 -58.000000 1032.000000 1254.000000
1312.000000 -580.000000 -54.000000 1036.000000 1262.000000
1312.000000 -584.000000 -52.000000 1036.000000 1260.000000
1310.000000 -584.000000 -50.000000 1040.000000 1254.000000
1310.000000 -590.000000 -50.000000 1040.000000 1254.000000
1308.000000 -590.000000 -48.000000 1044.000000 1258.000000
1306.000000 -598.000000 -46.000000 1050.000000 1258.000000
1308.000000 -600.000000 -46.000000 1042.000000 1260.000000
1308.000000 -600.000000 -46.000000 1044.000000 1262.000000
1310.000000 -596.000000 -46.000000 1044.000000 1258.000000
1310.000000 -598.000000 -48.000000 1040.000000 1262.000000
1308.000000 -596.000000 -50.000000 1042.000000 1264.000000
1310.000000 -598.000000 -52.000000 1042.000000 1268.000000
1314.000000 -598.000000 -52.000000 1044.000000 1268.000000
1314.000000 -598.000000 -54.000000 1044.000000 1268.000000
1316.000000 -596.000000 -50.000000 1046.000000 1264.000000
1312.000000 -594.000000 -48.000000 1046.000000 1264.000000
1312.000000 -594.000000 -46.000000 1048.000000 1266.000000
1312.000000 -596.000000 -46.000000 1046.000000 1272.000000
1310.000000 -600.000000 -46.000000 1042.000000 1276.000000
1310.000000 -602.000000 -48.000000 1034.000000 1276.000000
1308.000000 -602.000000 -50.000000 1038.000000 1272.000000
1308.000000 -602.000000 -52.000000 1038.000000 1272.000000
1308.000000 -604.000000 -54.000000 1034.000000 1274.000000
1310.000000 -606.000000 -52.000000 1036.000000 1272.000000
1308.000000 -610.000000 -52.000000 1036.000000 1272.000000
1312.000000 -608.000000 -52.000000 1036.000000 1274.000000
1316.000000 -610.000000 -50.000000 1036.000000 1270.000000
1308.000000 -610.000000 -46.000000 1028.000000 1268.000000
1308.000000 -606.000000 -48.000000 1034.000000 1258.000000
1310.000000 -606.000000 -46.000000 1034.000000 1258.000000
1310.000000 -606.000000 -46.000000 1034.000000 1260.000000
1308.000000 -604.000000 -44.000000 1038.000000 1260.000000
1310.000000 -606.000000 -46.000000 1044.000000 1262.000000
1308.000000 -604.000000 -44.000000 1042.000000 1260.000000
1312.000000 -604.000000 -46.000000 1042.000000 1258.000000
1310.000000 -604.000000 -52.000000 1038.000000 1254.000000
1314.000000 -606.000000 -60.000000 1038.000000 1252.000000
1314.000000 -608.000000 -68.000000 1036.000000 1250.000000
1316.000000 -608.000000 -64.000000 1034.000000 1252.000000
1318.000000 -608.000000 -64.000000 1038.000000 1250.000000
1316.000000 -606.000000 -60.000000 1034.000000 1252.000000
1316.000000 -610.000000 -60.000000 1032.000000 1252.000000
1316.000000 -610.000000 -62.000000 1034.000000 1250.000000
1316.000000 -610.000000 -64.000000 1036.000000 1250.000000
1314.000000 -608.000000 -60.000000 1040.000000 1254.000000
1312.000000 -610.000000 -60.000000 1038.000000 1254.000000
1312.000000 -610.000000 -58.000000 1036.000000 1256.000000
1316.000000 -604.000000 -62.000000 1032.000000 1250.000000
1318.000000 -604.000000 -62.000000 1030.000000 1244.000000
1322.000000 -602.000000 -60.000000 1028.000000 1242.000000
1322.000000 -602.000000 -62.000000 1024.000000 1242.000000
1322.000000 -604.000000 -58.000000 1032.000000 1244.000000
1318.000000 -602.000000 -58.000000 1030.000000 1244.000000
1316.000000 -606.000000 -58.000000 1030.000000 1238.000000
1316.000000 -604.000000 -60.000000 1032.000000 1240.000000
1316.000000 -606.000000 -58.000000 1036.000000 1236.000000
1318.000000 -608.000000 -58.000000 1042.000000 1242.000000
1318.000000 -602.000000 -56.000000 1044.000000 1246.000000
1316.000000 -598.000000 -56.000000 1046.000000 1248.000000
1316.000000 -596.000000 -56.000000 1050.000000 1244.000000
1314.000000 -598.000000 -64.000000 1044.000000 1246.000000
1312.000000 -596.000000 -62.000000 1044.000000 1244.000000
1312.000000 -598.000000 -62.000000 1044.000000 1246.000000
1312.000000 -598.000000 -62.000000 1046.000000 1252.000000
1308.000000 -600.000000 -66.000000 1046.000000 1250.000000
1308.000000 -602.000000 -66.000000 1044.000000 1252.000000
1304.000000 -604.000000 -64.000000 1046.000000 1248.000000
1300.000000 -606.000000 -68.000000 1044.000000 1242.000000
1300.000000 -610.000000 -70.000000 1036.000000 1246.000000
1304.000000 -610.000000 -68.000000 1034.000000 1246.000000
1302.000000 -608.000000 -66.000000 1038.000000 1238.000000
1302.000000 -606.000000 -68.000000 1036.000000 1238.000000
1302.000000 -608.000000 -70.000000 1034.000000 1242.000000
1300.000000 -614.000000 -74.000000 1034.000000 1236.000000
1298.000000 -610.000000 -74.000000 1032.000000 1234.000000
1296.000000 -610.000000 -78.000000 1036.000000 1232.000000
1300.000000 -604.000000 -78.000000 1036.000000 1232.000000
1302.000000 -606.000000 -78.000000 1034.000000 1236.000000
1298.000000 -598.000000 -72.000000 1036.000000 1242.000000
1298.000000 -598.000000 -76.000000 1040.000000 1238.000000
1294.000000 -596.000000 -78.000000 1040.000000 1240.000000
1294.000000 -598.000000 -82.000000 1038.000000 1238.000000
1294.000000 -596.000000 -82.000000 1036.000000 1240.000000
1292.000000 -598.000000 -86.000000 1038.000000 1234.000000
1294.000000 -600.000000 -88.000000 1038.000000 1242.000000
1290.000000 -598.000000 -92.000000 1036.000000 1242.000000
1296.000000 -598.000000 -94.000000 1040.000000 1246.000000
1298.000000 -598.000000 -94.000000 1042.000000 1244.000000
1292.000000 -600.000000 -92.000000 1044.000000 1236.000000
1292.000000 -596.000000 -94.000000 1044.000000 1236.000000
1294.000000 -598.000000 -96.000000 1040.000000 1236.000000
1292.000000 -590.000000 -92.000000 1038.000000 1238.000000
1296.000000 -590.000000 -86.000000 1038.000000 1236.000000
1298.000000 -594.000000 -84.000000 1040.000000 1238.000000
1294.000000 -598.000000 -84.000000 1038.000000 1248.000000
1294.000000 -602.000000 -78.000000 1038.000000 1248.000000
1294.000000 -600.000000 -76.000000 1040.000000 1252.000000
1296.000000 -596.000000 -76.000000 1044.000000 1252.000000
1298.000000 -592.000000 -78.000000 1038.000000 1250.000000
1304.000000 -590.000000 -76.000000 1038.000000 1252.000000
1308.000000 -588.000000 -80.000000 1032.000000 1254.000000
1308.000000 -586.000000 -84.000000 1026.000000 1254.000000
1308.000000 -584.000000 -84.000000 1026.000000 1254.000000
1310.000000 -578.000000 -86.000000 1024.000000 1250.000000
1308.000000 -580.000000 -84.000000 1020.000000 1250.000000
1312.000000 -576.000000 -84.000000 1016.000000 1256.000000
1314.000000 -572.000000 -88.000000 1008.000000 1250.000000
1316.000000 -572.000000 -88.000000 1006.000000 1246.000000
1318.000000 -570.000000 -86.000000 1008.000000 1250.000000
1320.000000 -570.000000 -84.000000 1008.000000 1246.000000
1316.000000 -570.000000 -84.000000 1008.000000 1248.000000
1314.000000 -570.000000 -82.000000 1014.000000 1242.000000
1312.000000 -568.000000 -82.000000 1020.000000 1242.000000
1312.000000 -572.000000 -82.000000 1024.000000 1244.000000
1306.000000 -578.000000 -82.000000 1024.000000 1240.000000
1302.000000 -582.000000 -88.000000 1024.000000 1240.000000
1304.000000 -580.000000 -88.000000 1026.000000 1236.000000
1308.000000 -578.000000 -86.000000 1022.000000 1236.000000
1306.000000 -580.000000 -90.000000 1020.000000 1230.000000
1306.000000 -576.000000 -94.000000 1018.000000 1236.000000
1306.000000 -576.000000 -102.000000 1020.000000 1236.000000
1306.000000 -580.000000 -98.000000 1014.000000 1226.000000
1306.000000 -574.000000 -100.000000 1020.000000 1222.000000
1302.000000 -584.000000 -104.000000 1018.000000 1216.000000
1304.000000 -582.000000 -102.000000 1018.000000 1216.000000
1298.000000 -580.000000 -104.000000 1020.000000 1220.000000
1296.000000 -580.000000 -104.000000 1014.000000 1220.000000
1300.000000 -576.000000 -108.000000 1020.000000 1220.000000
1306.000000 -578.000000 -112.000000 1022.000000 1222.000000
1308.000000 -574.000000 -104.000000 1026.000000 1232.000000
1308.000000 -572.000000 -106.000000 1026.000000 1230.000000
1310.000000 -570.000000 -106.000000 1022.000000 1228.000000
1310.000000 -566.000000 -114.000000 1020.000000 1226.000000
1310.000000 -568.000000 -110.000000 1024.000000 1222.000000
1308.000000 -566.000000 -112.000000 1022.000000 1222.000000
1312.000000 -562.000000 -116.000000 1016.000000 1226.000000
1312.000000 -564.000000 -124.000000 1018.000000 1226.000000
1316.000000 -568.000000 -128.000000 1020.000000 1226.000000
1316.000000 -570.000000 -132.000000 1018.000000 1222.000000
1312.000000 -574.000000 -140.000000 1014.000000 1220.000000
1310.000000 -574.000000 -138.000000 1016.000000 1218.000000
1312.000000 -572.000000 -142.000000 1018.000000 1216.000000
1314.000000 -574.000000 -144.000000 1020.000000 1216.000000
1310.000000 -578.000000 -146.000000 1024.000000 1210.000000
1314.000000 -576.000000 -144.000000 1030.000000 1220.000000
1312.000000 -578.000000 -142.000000 1034.000000 1226.000000
1314.000000 -576.000000 -144.000000 1032.000000 1224.000000
1310.000000 -576.000000 -150.000000 1030.000000 1220.000000
1312.000000 -576.000000 -144.000000 1024.000000 1222.000000
1308.000000 -576.000000 -148.000000 1022.000000 1224.000000
1308.000000 -578.000000 -144.000000 1022.000000 1226.000000
1308.000000 -578.000000 -144.000000 1018.000000 1228.000000
1304.000000 -580.000000 -142.000000 1014.000000 1232.000000
1302.000000 -586.000000 -148.000000 1010.000000 1230.000000
1302.000000 -584.000000 -146.000000 1002.000000 1226.000000
1300.000000 -584.000000 -150.000000 996.000000 1222.000000
1300.000000 -586.000000 -148.000000 992.000000 1220.000000
1300.000000 -584.000000 -152.000000 992.000000 1222.000000
1296.000000 -586.000000 -154.000000 998.000000 1222.000000
1296.000000 -588.000000 -150.000000 1000.000000 1222.000000
1298.000000 -590.000000 -150.000000 1008.000000 1228.000000
1300.000000 -580.000000 -150.000000 1012.000000 1230.000000
1300.000000 -580.000000 -148.000000 1012.000000 1228.000000
1300.000000 -580.000000 -146.000000 1012.000000 1234.000000
1304.000000 -582.000000 -144.000000 1012.000000 1234.000000
1306.000000 -584.000000 -142.000000 1012.000000 1240.000000
1310.000000 -584.000000 -142.000000 1012.000000 1236.000000
1306.000000 -588.000000 -140.000000 1016.000000 1232.000000
1304.000000 -590.000000 -142.000000 1012.000000 1226.000000
1300.000000 -588.000000 -144.000000 1016.000000 1232.000000
1302.000000 -580.000000 -134.000000 1020.000000 1240.000000
1304.000000 -576.000000 -136.000000 1020.000000 1242.000000
1304.000000 -574.000000 -136.000000 1018.000000 1242.000000
1308.000000 -576.000000 -130.000000 1018.000000 1240.000000
1314.000000 -580.000000 -132.000000 1016.000000 1244.000000
1312.000000 -580.000000 -132.000000 1012.000000 1240.000000
1312.000000 -578.000000 -134.000000 1016.000000 1238.000000
1306.000000 -578.000000 -136.000000 1014.000000 1238.000000
1310.000000 -576.000000 -140.000000 1012.000000 1234.000000
1310.000000 -582.000000 -140.000000 1010.000000 1232.000000
1310.000000 -584.000000 -140.000000 1004.000000 1234.000000
1310.000000 -580.000000 -140.000000 1004.000000 1234.000000
1308.000000 -582.000000 -144.000000 1002.000000 1234.000000
1306.000000 -580.000000 -142.000000 1006.000000 1230.000000
1312.000000 -580.000000 -144.000000 1002.000000 1232.000000
1314.000000 -580.000000 -148.000000 1002.000000 1228.000000
1314.000000 -580.000000 -150.000000 1006.000000 1230.000000
1310.000000 -576.000000 -150.000000 1004.000000 1230.000000
1312.000000 -576.000000 -150.000000 1006.000000 1230.000000
1316.000000 -578.000000 -148.000000 1010.000000 1232.000000
1314.000000 -576.000000 -144.000000 1012.000000 1234.000000
1316.000000 -580.000000 -142.000000 1006.000000 1232.000000
1318.000000 -580.000000 -140.000000 1010.000000 1234.000000
1318.000000 -576.000000 -140.000000 1014.000000 1236.000000
1316.000000 -578.000000 -138.000000 1012.000000 1242.000000
1318.000000 -576.000000 -140.000000 1012.000000 1236.000000
1318.000000 -580.000000 -140.000000 1014.000000 1240.000000
1320.000000 -576.000000 -146.000000 1014.000000 1240.000000
1322.000000 -574.000000 -146.000000 1018.000000 1234.000000
1320.000000 -574.000000 -144.000000 1026.000000 1232.000000
1320.000000 -574.000000 -144.000000 1020.000000 1228.000000
1320.000000 -574.000000 -146.000000 1020.000000 1228.000000
1322.000000 -576.000000 -148.000000 1020.000000 1228.000000
1322.000000 -576.000000 -144.000000 1020.000000 1224.000000
1326.000000 -578.000000 -146.000000 1012.000000 1218.000000
1328.000000 -578.000000 -150.000000 1010.000000 1216.000000
1326.000000 -572.000000 -154.000000 1010.000000 1216.000000
1326.000000 -572.000000 -154.000000 1006.000000 1216.000000
1326.000000 -568.000000 -150.000000 1008.000000 1218.000000
1328.000000 -570.000000 -152.000000 1008.000000 1224.000000
1330.000000 -576.000000 -150.000000 1008.000000 1218.000000
1326.000000 -578.000000 -152.000000 1004.000000 1222.000000
1330.000000 -574.000000 -156.000000 1008.000000 1226.000000
1330.000000 -576.000000 -156.000000 1002.000000 1228.000000
1330.000000 -576.000000 -158.000000 1002.000000 1228.000000
1330.000000 -574.000000 -166.000000 1004.000000 1226.000000
1330.000000 -568.000000 -164.000000 998.000000 1222.000000
1328.000000 -576.000000 -166.000000 996.000000 1222.000000
1328.000000 -574.000000 -168.000000 998.000000 1228.000000
1330.000000 -572.000000 -166.000000 1000.000000 1224.000000
1332.000000 -576.000000 -166.000000 998.000000 1220.000000
1332.000000 -576.000000 -162.000000 1000.000000 1216.000000
1332.000000 -576.000000 -162.000000 1002.000000 1218.000000
1334.000000 -576.000000 -168.000000 1002.000000 1218.000000
1334.000000 -578.000000 -168.000000 1004.000000 1216.000000
1334.000000 -580.000000 -166.000000 1006.000000 1208.000000
1332.000000 -576.000000 -160.000000 1008.000000 1216.000000
1338.000000 -578.000000 -162.000000 1008.000000 1218.000000
1334.000000 -580.000000 -164.000000 1010.000000 1220.000000
1336.000000 -584.000000 -168.000000 1016.000000 1224.000000
1334.000000 -586.000000 -166.000000 1014.000000 1224.000000
1336.000000 -584.000000 -164.000000 1010.000000 1224.000000
1336.000000 -584.000000 -166.000000 1008.000000 1226.000000
1334.000000 -588.000000 -164.000000 1010.000000 1228.000000
1338.000000 -590.000000 -160.000000 1002.000000 1228.000000
1334.000000 -592.000000 -160.000000 1004.000000 1228.000000
1336.000000 -592.000000 -158.000000 1002.000000 1228.000000
1336.000000 -590.000000 -158.000000 1002.000000 1226.000000
1332.000000 -590.000000 -154.000000 998.000000 1220.000000
1332.000000 -594.000000 -152.000000 1004.000000 1218.000000
1334.000000 -590.000000 -150.000000 1006.000000 1222.000000
1336.000000 -588.000000 -146.000000 1008.000000 1228.000000
1338.000000 -590.000000 -144.000000 1008.000000 1230.000000
1340.000000 -588.000000 -146.000000 1008.000000 1228.000000
1344.000000 -590.000000 -146.000000 1008.000000 1228.000000
1342.000000 -588.000000 -144.000000 1004.000000 1224.000000
1342.000000 -590.000000 -142.000000 1008.000000 1228.000000
1340.000000 -586.000000 -146.000000 1004.000000 1226.000000
1338.000000 -588.000000 -148.000000 1000.000000 1226.000000
1338.000000 -592.000000 -152.000000 1000.000000 1232.000000
1338.000000 -590.000000 -152.000000 1000.000000 1234.000000
1332.000000 -592.000000 -156.000000 1000.000000 1230.000000
1330.000000 -588.000000 -160.000000 994.000000 1224.000000
1328.000000 -588.000000 -160.000000 994.000000 1228.000000
1332.000000 -592.000000 -160.000000 992.000000 1228.000000
1334.000000 -592.000000 -160.000000 988.000000 1224.000000
1332.000000 -594.000000 -162.000000 988.000000 1224.000000
1328.000000 -596.000000 -158.000000 990.000000 1226.000000
1330.000000 -594.000000 -154.000000 988.000000 1220.000000
1332.000000 -592.000000 -154.000000 982.000000 1218.000000
1340.000000 -594.000000 -152.000000 982.000000 1218.000000
1336.000000 -592.000000 -150.000000 984.000000 1224.000000
1334.000000 -594.000000 -150.000000 982.000000 1222.000000
1338.000000 -594.000000 -152.000000 978.000000 1222.000000
1340.000000 -592.000000 -156.000000 976.000000 1218.000000
1344.000000 -590.000000 -154.000000 974.000000 1218.000000
1342.000000 -594.000000 -154.000000 968.000000 1212.000000
1342.000000 -596.000000 -156.000000 966.000000 1208.000000
1340.000000 -598.000000 -154.000000 964.000000 1206.000000
1340.000000 -600.000000 -152.000000 966.000000 1208.000000
1336.000000 -602.000000 -150.000000 968.000000 1212.000000
1338.000000 -604.000000 -148.000000 968.000000 1206.000000
1336.000000 -608.000000 -148.000000 972.000000 1208.000000
1334.000000 -604.000000 -148.000000 974.000000 1210.000000
1336.000000 -604.000000 -146.000000 974.000000 1208.000000
1338.000000 -602.000000 -150.000000 980.000000 1202.000000
1338.000000 -604.000000 -152.000000 982.000000 1196.000000
1342.000000 -604.000000 -160.000000 986.000000 1192.000000
1340.000000 -602.000000 -158.000000 986.000000 1190.000000
1342.000000 -590.000000 -158.000000 990.000000 1192.000000
1342.000000 -588.000000 -162.000000 994.000000 1186.000000
1340.000000 -592.000000 -162.000000 998.000000 1186.000000
1342.000000 -590.000000 -160.000000 1002.000000 1184.000000
1344.000000 -592.000000 -164.000000 1000.000000 1184.000000
1342.000000 -592.000000 -174.000000 1000.000000 1188.000000
1344.000000 -592.000000 -176.000000 1000.000000 1194.000000
1348.000000 -590.000000 -170.000000 1004.000000 1194.000000
1346.000000 -600.000000 -172.000000 1004.000000 1202.000000
1350.000000 -600.000000 -174.000000 1006.000000 1204.000000
1350.000000 -598.000000 -176.000000 1006.000000 1206.000000
1346.000000 -602.000000 -182.000000 1004.000000 1208.000000
1346.000000 -600.000000 -186.000000 1004.000000 1214.000000
1350.000000 -600.000000 -184.000000 1006.000000 1220.000000
1346.000000 -596.000000 -190.000000 1004.000000 1220.000000
1350.000000 -596.000000 -192.000000 1006.000000 1224.000000
1352.000000 -596.000000 -188.000000 1008.000000 1216.000000
1354.000000 -596.000000 -184.000000 1014.000000 1222.000000
1360.000000 -596.000000 -182.000000 1016.000000 1222.000000
1364.000000 -594.000000 -178.000000 1012.000000 1220.000000
1362.000000 -588.000000 -182.000000 1008.000000 1214.000000
1360.000000 -592.000000 -184.000000 1012.000000 1212.000000
1362.000000 -592.000000 -186.000000 1012.000000 1216.000000
1356.000000 -586.000000 -190.000000 1018.000000 1210.000000
1354.000000 -586.000000 -190.000000 1022.000000 1210.000000
1356.000000 -586.000000 -196.000000 1018.000000 1208.000000
1354.000000 -586.000000 -194.000000 1016.000000 1208.000000
1352.000000 -586.000000 -192.000000 1018.000000 1204.000000
1354.000000 -584.000000 -196.000000 1018.000000 1200.000000
1356.000000 -580.000000 -192.000000 1022.000000 1208.000000
1356.000000 -584.000000 -186.000000 1024.000000 1210.000000
1356.000000 -586.000000 -186.000000 1024.000000 1210.000000
1354.000000 -582.000000 -184.000000 1026.000000 1212.000000
1354.000000 -584.000000 -186.000000 1024.000000 1210.000000
1354.000000 -582.000000 -188.000000 1024.000000 1206.000000
1350.000000 -578.000000 -184.000000 1024.000000 1212.000000
1350.000000 -574.000000 -182.000000 1024.000000 1216.000000
1348.000000 -572.000000 -180.000000 1024.000000 1210.000000
1350.000000 -572.000000 -174.000000 1024.000000 1208.000000
1346.000000 -574.000000 -172.000000 1026.000000 1204.000000
1350.000000 -572.000000 -168.000000 1026.000000 1206.000000
1346.000000 -572.000000 -174.000000 1024.000000 1208.000000
1348.000000 -570.000000 -176.000000 1030.000000 1210.000000
1348.000000 -572.000000 -174.000000 1032.000000 1210.000000
1354.000000 -572.000000 -168.000000 1042.000000 1204.000000
1354.000000 -576.000000 -166.000000 1044.000000 1208.000000
1354.000000 -578.000000 -164.000000 1046.000000 1206.000000
1356.000000 -578.000000 -164.000000 1048.000000 1204.000000
1356.000000 -572.000000 -160.000000 1050.000000 1204.000000
1356.000000 -574.000000 -164.000000 1042.000000 1204.000000
1350.000000 -580.000000 -158.000000 1046.000000 1208.000000
1354.000000 -582.000000 -152.000000 1042.000000 1204.000000
1356.000000 -586.000000 -154.000000 1038.000000 1202.000000
1358.000000 -586.000000 -152.000000 1042.000000 1202.000000
1356.000000 -592.000000 -154.000000 1044.000000 1206.000000
1358.000000 -594.000000 -146.000000 1050.000000 1210.000000
1352.000000 -596.000000 -148.000000 1046.000000 1210.000000
1356.000000 -600.000000 -146.000000 1044.000000 1212.000000
1352.000000 -602.000000 -142.000000 1044.000000 1220.000000
1352.000000 -602.000000 -142.000000 1044.000000 1216.000000
1352.000000 -600.000000 -140.000000 1046.000000 1218.000000
1354.000000 -596.000000 -144.000000 1042.000000 1224.000000
1354.000000 -598.000000 -148.000000 1044.000000 1224.000000
1352.000000 -606.000000 -152.000000 1040.000000 1220.000000
1352.000000 -602.000000 -154.000000 1040.000000 1220.000000
1358.000000 -598.000000 -150.000000 1038.000000 1224.000000
1358.000000 -598.000000 -148.000000 1038.000000 1222.000000
1358.000000 -596.000000 -146.000000 1038.000000 1224.000000
1356.000000 -598.000000 -146.000000 1040.000000 1228.000000
1358.000000 -598.000000 -144.000000 1038.000000 1226.000000
1354.000000 -598.000000 -148.000000 1040.000000 1222.000000
1348.000000 -596.000000 -150.000000 1036.000000 1220.000000
1346.000000 -596.000000 -148.000000 1038.000000 1226.000000
1346.000000 -602.000000 -152.000000 1036.000000 1232.000000
1348.000000 -604.000000 -152.000000 1038.000000 1240.000000
1350.000000 -604.000000 -148.000000 1038.000000 1238.000000
1350.000000 -608.000000 -152.000000 1038.000000 1238.000000
1350.000000 -610.000000 -156.000000 1034.000000 1230.000000
1348.000000 -608.000000 -156.000000 1034.000000 1230.000000
1352.000000 -608.000000 -152.000000 1038.000000 1230.000000
1350.000000 -610.000000 -156.000000 1042.000000 1234.000000
1350.000000 -612.000000 -158.000000 1046.000000 1234.000000
1352.000000 -608.000000 -158.000000 1046.000000 1236.000000
1348.000000 -606.000000 -160.000000 1050.000000 1230.000000
1350.000000 -608.000000 -160.000000 1046.000000 1230.000000
1350.000000 -602.000000 -152.000000 1052.000000 1228.000000
1346.000000 -600.000000 -154.000000 1052.000000 1232.000000
1348.000000 -602.000000 -154.000000 1046.000000 1236.000000
1350.000000 -596.000000 -154.000000 1052.000000 1230.000000
1348.000000 -594.000000 -154.000000 1050.000000 1236.000000
1348.000000 -598.000000 -152.000000 1056.000000 1240.000000
1346.000000 -594.000000 -152.000000 1058.000000 1236.000000
1342.000000 -588.000000 -152.000000 1056.000000 1232.000000
1344.000000 -584.000000 -152.000000 1054.000000 1232.000000
1344.000000 -582.000000 -148.000000 1054.000000 1238.000000
1348.000000 -580.000000 -146.000000 1054.000000 1238.000000
1346.000000 -586.000000 -144.000000 1052.000000 1238.000000
1348.000000 -584.000000 -140.000000 1050.000000 1234.000000
1348.000000 -582.000000 -140.000000 1052.000000 1228.000000
1346.000000 -582.000000 -140.000000 1048.000000 1228.000000
1350.000000 -582.000000 -140.000000 1048.000000 1228.000000
1348.000000 -582.000000 -138.000000 1052.000000 1226.000000
1348.000000 -578.000000 -142.000000 1052.000000 1228.000000
1350.000000 -574.000000 -138.000000 1048.000000 1238.000000
1350.000000 -572.000000 -138.000000 1048.000000 1238.000000
1350.000000 -574.000000 -138.000000 1048.000000 1240.000000
1352.000000 -574.000000 -138.000000 1048.000000 1236.000000
1348.000000 -578.000000 -140.000000 1048.000000 1234.000000
1344.000000 -582.000000 -140.000000 1046.000000 1234.000000
1344.000000 -590.000000 -144.000000 1040.000000 1238.000000
1340.000000 -590.000000 -144.000000 1038.000000 1236.000000
1342.000000 -590.000000 -140.000000 1042.000000 1236.000000
1342.000000 -594.000000 -136.000000 1042.000000 1228.000000
1338.000000 -600.000000 -134.000000 1036.000000 1234.000000
1340.000000 -600.000000 -132.000000 1038.000000 1236.000000
1338.000000 -602.000000 -132.000000 1038.000000 1226.000000
1338.000000 -600.000000 -128.000000 1042.000000 1220.000000
1332.000000 -596.000000 -132.000000 1036.000000 1222.000000
1334.000000 -594.000000 -132.000000 1038.000000 1228.000000
1330.000000 -592.000000 -128.000000 1036.000000 1230.000000
1328.000000 -590.000000 -122.000000 1040.000000 1230.000000
1334.000000 -590.000000 -120.000000 1044.000000 1234.000000
1330.000000 -596.000000 -120.000000 1040.000000 1238.000000
1330.000000 -600.000000 -124.000000 1044.000000 1238.000000
1330.000000 -594.000000 -128.000000 1044.000000 1234.000000
1330.000000 -596.000000 -124.000000 1044.000000 1234.000000
1334.000000 -594.000000 -126.000000 1040.000000 1236.000000
1334.000000 -594.000000 -124.000000 1036.000000 1234.000000
1336.000000 -596.000000 -124.000000 1030.000000 1232.000000
1334.000000 -596.000000 -122.000000 1034.000000 1240.000000
1330.000000 -604.000000 -128.000000 1032.000000 1240.000000
1330.000000 -606.000000 -128.000000 1032.000000 1234.000000
1330.000000 -604.000000 -126.000000 1038.000000 1236.000000
1324.000000 -606.000000 -128.000000 1036.000000 1234.000000
1324.000000 -608.000000 -128.000000 1028.000000 1232.000000
1320.000000 -608.000000 -128.000000 1028.000000 1234.000000
1318.000000 -606.000000 -124.000000 1026.000000 1236.000000
1316.000000 -610.000000 -124.000000 1026.000000 1240.000000
1318.000000 -612.000000 -128.000000 1024.000000 1234.000000
1320.000000 -614.000000 -126.000000 1030.000000 1240.000000
1322.000000 -616.000000 -126.000000 1030.000000 1242.000000
1316.000000 -624.000000 -128.000000 1030.000000 1238.000000
1306.000000 -628.000000 -132.000000 1030.000000 1248.000000
1304.000000 -630.000000 -132.000000 1028.000000 1248.000000
1306.000000 -630.000000 -128.000000 1024.000000 1254.000000
1306.000000 -632.000000 -126.000000 1024.000000 1250.000000
1308.000000 -630.000000 -126.000000 1022.000000 1246.000000
1306.000000 -630.000000 -126.000000 1022.000000 1244.000000
1308.000000 -628.000000 -128.000000 1022.000000 1250.000000
1310.000000 -628.000000 -128.000000 1022.000000 1250.000000
1316.000000 -626.000000 -126.000000 1024.000000 1244.000000
1318.000000 -628.000000 -124.000000 1022.000000 1244.000000
1318.000000 -634.000000 -128.000000 1026.000000 1244.000000
1316.000000 -634.000000 -130.000000 1028.000000 1242.000000
1320.000000 -632.000000 -132.000000 1030.000000 1242.000000
1320.000000 -628.000000 -136.000000 1026.000000 1240.000000
1322.000000 -632.000000 -134.000000 1026.000000 1238.000000
1324.000000 -632.000000 -134.000000 1026.000000 1234.000000
1320.000000 -634.000000 -136.000000 1024.000000 1230.000000
1320.000000 -636.000000 -134.000000 1028.000000 1226.000000
1318.000000 -636.000000 -134.000000 1028.000000 1230.000000
1316.000000 -632.000000 -134.000000 1030.000000 1230.000000
1312.000000 -634.000000 -136.000000 1032.000000 1232.000000
1312.000000 -636.000000 -136.000000 1030.000000 1232.000000
1312.000000 -634.000000 -140.000000 1030.000000 1230.000000
1314.000000 -632.000000 -142.000000 1028.000000 1228.000000
1314.000000 -630.000000 -140.000000 1032.000000 1234.000000
1314.000000 -632.000000 -140.000000 1038.000000 1238.000000
1316.000000 -630.000000 -140.000000 1040.000000 1236.000000
1314.000000 -630.000000 -140.000000 1040.000000 1234.000000
1314.000000 -630.000000 -138.000000 1042.000000 1236.000000
1308.000000 -634.000000 -140.000000 1036.000000 1238.000000
1306.000000 -634.000000 -142.000000 1036.000000 1240.000000
1302.000000 -630.000000 -138.000000 1036.000000 1238.000000
1302.000000 -630.000000 -142.000000 1034.000000 1242.000000
1296.000000 -632.000000 -148.000000 1030.000000 1248.000000
1298.000000 -634.000000 -144.000000 1032.000000 1252.000000
1300.000000 -632.000000 -142.000000 1034.000000 1248.000000
1306.000000 -636.000000 -140.000000 1032.000000 1250.000000
1304.000000 -634.000000 -138.000000 1028.000000 1252.000000
1302.000000 -636.000000 -142.000000 1030.000000 1254.000000
1304.000000 -638.000000 -142.000000 1030.000000 1250.000000
1300.000000 -638.000000 -146.000000 1030.000000 1240.000000
1302.000000 -640.000000 -150.000000 1030.000000 1238.000000
1300.000000 -640.000000 -152.000000 1028.000000 1240.000000
1300.000000 -642.000000 -152.000000 1026.000000 1240.000000
1302.000000 -642.000000 -152.000000 1032.000000 1244.000000
1302.000000 -640.000000 -156.000000 1028.000000 1242.000000
1300.000000 -642.000000 -156.000000 1030.000000 1236.000000
1294.000000 -642.000000 -154.000000 1026.000000 1238.000000
1292.000000 -642.000000 -154.000000 1028.000000 1242.000000
1294.000000 -640.000000 -152.000000 1028.000000 1244.000000
1298.000000 -640.000000 -150.000000 1028.000000 1242.000000
1298.000000 -636.000000 -150.000000 1032.000000 1246.000000
1302.000000 -630.000000 -152.000000 1032.000000 1240.000000
1304.000000 -624.000000 -150.000000 1038.000000 1242.000000
1300.000000 -628.000000 -154.000000 1036.000000 1242.000000
1298.000000 -630.000000 -156.000000 1036.000000 1240.000000
1292.000000 -628.000000 -156.000000 1036.000000 1240.000000
1292.000000 -626.000000 -160.000000 1038.000000 1236.000000
1294.000000 -620.000000 -156.000000 1038.000000 1232.000000
1292.000000 -624.000000 -158.000000 1032.000000 1230.000000
1292.000000 -624.000000 -154.000000 1034.000000 1228.000000
1292.000000 -622.000000 -150.000000 1044.000000 1234.000000
1294.000000 -620.000000 -150.000000 1052.000000 1240.000000
1298.000000 -614.000000 -154.000000 1050.000000 1242.000000
1300.000000 -614.000000 -152.000000 1048.000000 1242.000000
1302.000000 -614.000000 -150.000000 1048.000000 1240.000000
1302.000000 -610.000000 -150.000000 1046.000000 1240.000000
1302.000000 -612.000000 -146.000000 1044.000000 1236.000000
1304.000000 -610.000000 -148.000000 1046.000000 1238.000000
1304.000000 -614.000000 -154.000000 1054.000000 1240.000000
1304.000000 -612.000000 -158.000000 1050.000000 1238.000000
1306.000000 -608.000000 -166.000000 1048.000000 1238.000000
1308.000000 -606.000000 -166.000000 1052.000000 1232.000000
1306.000000 -606.000000 -168.000000 1050.000000 1234.000000
1308.000000 -602.000000 -162.000000 1052.000000 1228.000000
1308.000000 -604.000000 -162.000000 1050.000000 1234.000000
1306.000000 -610.000000 -162.000000 1042.000000 1232.000000
1306.000000 -612.000000 -158.000000 1042.000000 1228.000000
1310.000000 -608.000000 -156.000000 1040.000000 1230.000000
1314.000000 -608.000000 -156.000000 1042.000000 1230.000000
1312.000000 -612.000000 -152.000000 1044.000000 1232.000000
1310.000000 -610.000000 -152.000000 1050.000000 1234.000000
1312.000000 -604.000000 -156.000000 1046.000000 1234.000000
1306.000000 -598.000000 -150.000000 1052.000000 1236.000000
1306.000000 -602.000000 -152.000000 1048.000000 1236.000000
1310.000000 -602.000000 -156.000000 1052.000000 1232.000000
1304.000000 -604.000000 -160.000000 1056.000000 1230.000000
1302.000000 -604.000000 -158.000000 1058.000000 1228.000000
1302.000000 -604.000000 -160.000000 1060.000000 1234.000000
1306.000000 -602.000000 -158.000000 1056.000000 1240.000000
1306.000000 -602.000000 -160.000000 1054.000000 1238.000000
1306.000000 -600.000000 -166.000000 1050.000000 1236.000000
