2.000000 2.125000 2.250000 2.375000 2.500000
-57662.000000 -54216.000000 -51314.000000 -47044.000000 -43418.000000
-57666.000000 -54220.000000 -51318.000000 -47060.000000 -43434.000000
-57662.000000 -54220.000000 -51310.000000 -47056.000000 -43430.000000
-57662.000000 -54220.000000 -51314.000000 -47064.000000 -43434.000000
-57658.000000 -54216.000000 -51308.000000 -47060.000000 -43434.000000
-57650.000000 -54204.000000 -51296.000000 -47056.000000 -43422.000000
-57650.000000 -54204.000000 -51296.000000 -47052.000000 -43426.000000
-57650.000000 -54204.000000 -51304.000000 -47052.000000 -43426.000000
-57650.000000 -54204.000000 -51304.000000 -47052.000000 -43426.000000
-57662.000000 -54224.000000 -51324.000000 -47068.000000 -43450.000000
-57662.000000 -54228.000000 -51332.000000 -47076.000000 -43454.000000
-57666.000000 -54224.000000 -51332.000000 -47068.000000 -43454.000000
-57654.000000 -54216.000000 -51320.000000 -47052.000000 -43434.000000
-57654.000000 -54216.000000 -51322.000000 -47048.000000 -43434.000000
-57654.000000 -54216.000000 -51322.000000 -47048.000000 -43438.000000
-57648.000000 -54206.000000 -51310.000000 -47036.000000 -43424.000000
-57646.000000 -54204.000000 -51300.000000 -47024.000000 -43426.000000
-57638.000000 -54196.000000 -51286.000000 -47014.000000 -43424.000000
-57632.000000 -54184.000000 -51280.000000 -46992.000000 -43410.000000
-57616.000000 -54188.000000 -51264.000000 -46992.000000 -43402.000000
-57612.000000 -54188.000000 -51252.000000 -46988.000000 -43394.000000
-57618.000000 -54192.000000 -51262.000000 -46998.000000 -43396.000000
-57612.000000 -54186.000000 -51264.000000 -47004.000000 -43402.000000
-57608.000000 -54178.000000 -51272.000000 -47004.000000 -43406.000000
-57616.000000 -54182.000000 -51272.000000 -47004.000000 -43402.000000
-57610.000000 -54172.000000 -51266.000000 -46994.000000 -43396.000000
-57610.000000 -54172.000000 -51262.000000 -46986.000000 -43388.000000
-57618.000000 -54172.000000 -51262.000000 -46986.000000 -43388.000000
-57618.000000 -54184.000000 -51266.000000 -46990.000000 -43388.000000
-57618.000000 -54180.000000 -51266.000000 -46998.000000 -43386.000000
-57622.000000 -54190.000000 -51266.000000 -47006.000000 -43390.000000
-57622.000000 -54190.000000 -51262.000000 -47006.000000 -43394.000000
-57622.000000 -54206.000000 -51262.000000 -47006.000000 -43402.000000
-57608.000000 -54208.000000 -51252.000000 -47008.000000 -43416.000000
-57608.000000 -54208.000000 -51260.000000 -47000.000000 -43408.000000
-57610.000000 -54208.000000 -51262.000000 -47002.000000 -43406.000000
-57604.000000 -54208.000000 -51264.000000 -46994.000000 -43404.000000
-57604.000000 -54212.000000 -51266.000000 -47000.000000 -43406.000000
-57606.000000 -54212.000000 -51262.000000 -47000.000000 -43410.000000
-57610.000000 -54216.000000 -51262.000000 -47004.000000 -43406.000000
-57604.000000 -54202.000000 -51250.000000 -46992.000000 -43398.000000
-57608.000000 -54210.000000 -51254.000000 -46992.000000 -43398.000000
-57610.000000 -54216.000000 -51258.000000 -47000.000000 -43402.000000
-57618.000000 -54216.000000 -51262.000000 -47000.000000 -43402.000000
-57622.000000 -54220.000000 -51270.000000 -47012.000000 -43410.000000
-57618.000000 -54220.000000 -51270.000000 -47012.000000 -43418.000000
-57622.000000 -54218.000000 -51266.000000 -47012.000000 -43414.000000
-57622.000000 -54218.000000 -51266.000000 -47024.000000 -43420.000000
-57618.000000 -54214.000000 -51262.000000 -47020.000000 -43416.000000
-57618.000000 -54218.000000 -51262.000000 -47014.000000 -43410.000000
-57620.000000 -54212.000000 -51276.000000 -47012.000000 -43408.000000
-57620.000000 -54212.000000 -51284.000000 -47016.000000 -43408.000000
-57616.000000 -54204.000000 -51276.000000 -47008.000000 -43412.000000
-57616.000000 -54200.000000 -51280.000000 -47016.000000 -43420.000000
-57616.000000 -54196.000000 -51284.000000 -47008.000000 -43416.000000
-57616.000000 -54200.000000 -51288.000000 -47004.000000 -43424.000000
-57620.000000 -54204.000000 -51284.000000 -47008.000000 -43424.000000
-57622.000000 -54210.000000 -51284.000000 -47012.000000 -43424.000000
-57626.000000 -54210.000000 -51284.000000 -47012.000000 -43424.000000
-57618.000000 -54210.000000 -51284.000000 -47012.000000 -43424.000000
-57614.000000 -54202.000000 -51272.000000 -47004.000000 -43420.000000
-57614.000000 -54202.000000 -51272.000000 -47004.000000 -43424.000000
-57606.000000 -54194.000000 -51272.000000 -46996.000000 -43416.000000
-57610.000000 -54194.000000 -51276.000000 -46996.000000 -43424.000000
-57610.000000 -54194.000000 -51272.000000 -46990.000000 -43426.000000
-57604.000000 -54188.000000 -51276.000000 -46990.000000 -43432.000000
-57606.000000 -54186.000000 -51270.000000 -46988.000000 -43442.000000
-57606.000000 -54186.000000 -51270.000000 -46996.000000 -43450.000000
-57606.000000 -54186.000000 -51270.000000 -47000.000000 -43450.000000
-57610.000000 -54186.000000 -51266.000000 -47000.000000 -43450.000000
-57606.000000 -54186.000000 -51266.000000 -46996.000000 -43434.000000
-57606.000000 -54190.000000 -51270.000000 -47000.000000 -43426.000000
-57606.000000 -54190.000000 -51270.000000 -47008.000000 -43422.000000
-57606.000000 -54194.000000 -51270.000000 -47012.000000 -43420.000000
-57606.000000 -54194.000000 -51268.000000 -47016.000000 -43424.000000
-57610.000000 -54190.000000 -51268.000000 -47012.000000 -43428.000000
-57606.000000 -54182.000000 -51264.000000 -47016.000000 -43424.000000
-57602.000000 -54178.000000 -51264.000000 -47008.000000 -43412.000000
-57602.000000 -54178.000000 -51266.000000 -47010.000000 -43412.000000
-57606.000000 -54178.000000 -51266.000000 -47018.000000 -43424.000000
-57606.000000 -54174.000000 -51268.000000 -47022.000000 -43440.000000
-57612.000000 -54184.000000 -51270.000000 -47020.000000 -43438.000000
-57614.000000 -54182.000000 -51276.000000 -47018.000000 -43438.000000
-57610.000000 -54182.000000 -51276.000000 -47014.000000 -43438.000000
-57612.000000 -54178.000000 -51272.000000 -47014.000000 -43442.000000
-57612.000000 -54178.000000 -51268.000000 -47016.000000 -43448.000000
-57612.000000 -54182.000000 -51268.000000 -47020.000000 -43444.000000
-57616.000000 -54186.000000 -51268.000000 -47028.000000 -43452.000000
-57616.000000 -54198.000000 -51274.000000 -47034.000000 -43458.000000
-57612.000000 -54186.000000 -51262.000000 -47022.000000 -43454.000000
-57610.000000 -54176.000000 -51256.000000 -47016.000000 -43444.000000
-57614.000000 -54184.000000 -51272.000000 -47024.000000 -43456.000000
-57618.000000 -54184.000000 -51276.000000 -47024.000000 -43456.000000
-57614.000000 -54184.000000 -51276.000000 -47020.000000 -43456.000000
-57614.000000 -54184.000000 -51276.000000 -47020.000000 -43456.000000
-57612.000000 -54172.000000 -51260.000000 -47008.000000 -43444.000000
-57618.000000 -54172.000000 -51266.000000 -47028.000000 -43454.000000
-57618.000000 -54180.000000 -51274.000000 -47036.000000 -43462.000000
-57618.000000 -54176.000000 -51274.000000 -47032.000000 -43458.000000
-57618.000000 -54176.000000 -51270.000000 -47026.000000 -43450.000000
-57618.000000 -54170.000000 -51270.000000 -47022.000000 -43452.000000
-57606.000000 -54166.000000 -51266.000000 -47026.000000 -43444.000000
-57606.000000 -54166.000000 -51270.000000 -47026.000000 -43448.000000
-57606.000000 -54166.000000 -51274.000000 -47030.000000 -43460.000000
-57614.000000 -54174.000000 -51278.000000 -47034.000000 -43460.000000
-57610.000000 -54174.000000 -51278.000000 -47030.000000 -43452.000000
-57618.000000 -54182.000000 -51282.000000 -47046.000000 -43452.000000
-57626.000000 -54194.000000 -51286.000000 -47054.000000 -43464.000000
-57630.000000 -54198.000000 -51290.000000 -47054.000000 -43460.000000
-57630.000000 -54202.000000 -51290.000000 -47058.000000 -43480.000000
-57630.000000 -54206.000000 -51298.000000 -47062.000000 -43476.000000
-57630.000000 -54206.000000 -51310.000000 -47066.000000 -43480.000000
-57622.000000 -54210.000000 -51306.000000 -47074.000000 -43476.000000
-57626.000000 -54214.000000 -51310.000000 -47080.000000 -43476.000000
-57634.000000 -54210.000000 -51302.000000 -47076.000000 -43478.000000
-57642.000000 -54218.000000 -51302.000000 -47088.000000 -43482.000000
-57638.000000 -54218.000000 -51306.000000 -47088.000000 -43482.000000
-57638.000000 -54218.000000 -51302.000000 -47084.000000 -43478.000000
-57638.000000 -54210.000000 -51294.000000 -47076.000000 -43470.000000
-57638.000000 -54214.000000 -51286.000000 -47068.000000 -43458.000000
-57642.000000 -54220.000000 -51284.000000 -47066.000000 -43460.000000
-57642.000000 -54216.000000 -51280.000000 -47068.000000 -43470.000000
-57642.000000 -54224.000000 -51284.000000 -47072.000000 -43478.000000
-57646.000000 -54224.000000 -51284.000000 -47072.000000 -43474.000000
-57638.000000 -54212.000000 -51272.000000 -47060.000000 -43466.000000
-57638.000000 -54212.000000 -51280.000000 -47056.000000 -43462.000000
-57642.000000 -54212.000000 -51280.000000 -47056.000000 -43462.000000
-57638.000000 -54208.000000 -51268.000000 -47064.000000 -43450.000000
-57638.000000 -54212.000000 -51264.000000 -47064.000000 -43442.000000
-57650.000000 -54216.000000 -51272.000000 -47072.000000 -43450.000000
-57654.000000 -54212.000000 -51276.000000 -47076.000000 -43458.000000
-57648.000000 -54206.000000 -51270.000000 -47074.000000 -43460.000000
-57652.000000 -54206.000000 -51266.000000 -47074.000000 -43464.000000
-57654.000000 -54210.000000 -51270.000000 -47078.000000 -43468.000000
-57658.000000 -54210.000000 -51262.000000 -47066.000000 -43456.000000
-57658.000000 -54206.000000 -51254.000000 -47058.000000 -43456.000000
-57650.000000 -54198.000000 -51246.000000 -47050.000000 -43452.000000
-57654.000000 -54196.000000 -51248.000000 -47048.000000 -43454.000000
-57658.000000 -54200.000000 -51246.000000 -47056.000000 -43462.000000
-57666.000000 -54196.000000 -51238.000000 -47060.000000 -43450.000000
-57666.000000 -54204.000000 -51254.000000 -47060.000000 -43446.000000
-57670.000000 -54196.000000 -51254.000000 -47072.000000 -43442.000000
-57670.000000 -54200.000000 -51254.000000 -47064.000000 -43434.000000
-57674.000000 -54200.000000 -51254.000000 -47064.000000 -43434.000000
-57670.000000 -54202.000000 -51248.000000 -47058.000000 -43432.000000
-57666.000000 -54198.000000 -51236.000000 -47062.000000 -43440.000000
-57664.000000 -54194.000000 -51242.000000 -47058.000000 -43438.000000
-57664.000000 -54194.000000 -51242.000000 -47058.000000 -43434.000000
-57676.000000 -54190.000000 -51244.000000 -47064.000000 -43440.000000
-57676.000000 -54194.000000 -51252.000000 -47064.000000 -43452.000000
-57680.000000 -54194.000000 -51256.000000 -47076.000000 -43460.000000
-57680.000000 -54194.000000 -51256.000000 -47072.000000 -43466.000000
-57680.000000 -54190.000000 -51260.000000 -47068.000000 -43460.000000
-57678.000000 -54190.000000 -51262.000000 -47072.000000 -43452.000000
-57678.000000 -54190.000000 -51262.000000 -47076.000000 -43460.000000
-57686.000000 -54202.000000 -51266.000000 -47084.000000 -43480.000000
-57692.000000 -54204.000000 -51264.000000 -47082.000000 -43478.000000
-57700.000000 -54212.000000 -51268.000000 -47086.000000 -43490.000000
-57700.000000 -54210.000000 -51268.000000 -47082.000000 -43486.000000
-57700.000000 -54206.000000 -51264.000000 -47082.000000 -43490.000000
-57700.000000 -54202.000000 -51260.000000 -47086.000000 -43506.000000
-57696.000000 -54198.000000 -51252.000000 -47078.000000 -43490.000000
-57692.000000 -54190.000000 -51252.000000 -47074.000000 -43478.000000
-57684.000000 -54186.000000 -51256.000000 -47078.000000 -43470.000000
-57680.000000 -54188.000000 -51256.000000 -47072.000000 -43468.000000
-57684.000000 -54188.000000 -51256.000000 -47072.000000 -43468.000000
-57688.000000 -54188.000000 -51260.000000 -47080.000000 -43476.000000
-57688.000000 -54188.000000 -51260.000000 -47080.000000 -43484.000000
-57696.000000 -54192.000000 -51268.000000 -47080.000000 -43492.000000
-57696.000000 -54192.000000 -51268.000000 -47072.000000 -43494.000000
-57690.000000 -54184.000000 -51264.000000 -47068.000000 -43488.000000
-57690.000000 -54188.000000 -51264.000000 -47072.000000 -43496.000000
-57686.000000 -54192.000000 -51260.000000 -47072.000000 -43496.000000
-57682.000000 -54184.000000 -51268.000000 -47076.000000 -43496.000000
-57678.000000 -54180.000000 -51264.000000 -47076.000000 -43492.000000
-57688.000000 -54178.000000 -51264.000000 -47074.000000 -43490.000000
-57688.000000 -54182.000000 -51264.000000 -47074.000000 -43498.000000
-57688.000000 -54178.000000 -51266.000000 -47070.000000 -43498.000000
-57682.000000 -54178.000000 -51262.000000 -47072.000000 -43496.000000
-57686.000000 -54178.000000 -51262.000000 -47068.000000 -43500.000000
-57686.000000 -54178.000000 -51262.000000 -47068.000000 -43500.000000
-57678.000000 -54170.000000 -51254.000000 -47056.000000 -43488.000000
-57682.000000 -54170.000000 -51250.000000 -47064.000000 -43488.000000
-57682.000000 -54170.000000 -51250.000000 -47060.000000 -43480.000000
-57682.000000 -54158.000000 -51250.000000 -47060.000000 -43484.000000
-57682.000000 -54158.000000 -51250.000000 -47064.000000 -43484.000000
-57682.000000 -54154.000000 -51250.000000 -47060.000000 -43492.000000
-57688.000000 -54160.000000 -51252.000000 -47066.000000 -43492.000000
-57696.000000 -54164.000000 -51256.000000 -47066.000000 -43492.000000
-57690.000000 -54166.000000 -51264.000000 -47066.000000 -43498.000000
-57690.000000 -54174.000000 -51264.000000 -47066.000000 -43510.000000
-57690.000000 -54178.000000 -51264.000000 -47070.000000 -43514.000000
-57690.000000 -54178.000000 -51264.000000 -47066.000000 -43508.000000
-57690.000000 -54178.000000 -51264.000000 -47062.000000 -43508.000000
-57690.000000 -54178.000000 -51264.000000 -47058.000000 -43512.000000
-57690.000000 -54178.000000 -51264.000000 -47066.000000 -43512.000000
-57698.000000 -54182.000000 -51272.000000 -47074.000000 -43524.000000
-57698.000000 -54190.000000 -51276.000000 -47078.000000 -43532.000000
-57706.000000 -54206.000000 -51288.000000 -47090.000000 -43536.000000
-57714.000000 -54210.000000 -51296.000000 -47098.000000 -43540.000000
-57714.000000 -54210.000000 -51288.000000 -47090.000000 -43536.000000
-57714.000000 -54210.000000 -51288.000000 -47090.000000 -43536.000000
-57714.000000 -54210.000000 -51292.000000 -47090.000000 -43536.000000
-57718.000000 -54218.000000 -51300.000000 -47102.000000 -43544.000000
-57734.000000 -54230.000000 -51316.000000 -47118.000000 -43556.000000
-57738.000000 -54226.000000 -51312.000000 -47118.000000 -43552.000000
-57738.000000 -54230.000000 -51316.000000 -47114.000000 -43560.000000
-57738.000000 -54222.000000 -51316.000000 -47106.000000 -43568.000000
-57730.000000 -54206.000000 -51296.000000 -47086.000000 -43552.000000
-57730.000000 -54214.000000 -51304.000000 -47094.000000 -43560.000000
-57730.000000 -54214.000000 -51308.000000 -47094.000000 -43564.000000
-57730.000000 -54210.000000 -51308.000000 -47098.000000 -43564.000000
-57730.000000 -54214.000000 -51312.000000 -47102.000000 -43568.000000
-57724.000000 -54214.000000 -51308.000000 -47098.000000 -43564.000000
-57724.000000 -54210.000000 -51312.000000 -47094.000000 -43572.000000
-57724.000000 -54210.000000 -51312.000000 -47098.000000 -43572.000000
-57732.000000 -54218.000000 -51324.000000 -47108.000000 -43578.000000
-57736.000000 -54214.000000 -51328.000000 -47108.000000 -43582.000000
-57736.000000 -54214.000000 -51328.000000 -47116.000000 -43594.000000
-57716.000000 -54198.000000 -51312.000000 -47108.000000 -43586.000000
-57716.000000 -54198.000000 -51316.000000 -47108.000000 -43586.000000
-57716.000000 -54198.000000 -51324.000000 -47124.000000 -43602.000000
-57716.000000 -54202.000000 -51324.000000 -47124.000000 -43614.000000
-57716.000000 -54210.000000 -51324.000000 -47128.000000 -43622.000000
-57716.000000 -54202.000000 -51324.000000 -47128.000000 -43610.000000
-57716.000000 -54206.000000 -51328.000000 -47132.000000 -43606.000000
-57716.000000 -54210.000000 -51330.000000 -47126.000000 -43612.000000
-57718.000000 -54204.000000 -51336.000000 -47128.000000 -43618.000000
-57728.000000 -54218.000000 -51346.000000 -47138.000000 -43612.000000
-57732.000000 -54222.000000 -51346.000000 -47142.000000 -43618.000000
-57724.000000 -54226.000000 -51346.000000 -47138.000000 -43610.000000
-57730.000000 -54236.000000 -51348.000000 -47146.000000 -43610.000000
-57730.000000 -54236.000000 -51344.000000 -47142.000000 -43602.000000
-57714.000000 -54216.000000 -51328.000000 -47134.000000 -43590.000000
-57708.000000 -54208.000000 -51320.000000 -47134.000000 -43590.000000
-57720.000000 -54216.000000 -51324.000000 -47138.000000 -43598.000000
-57720.000000 -54220.000000 -51324.000000 -47138.000000 -43606.000000
-57720.000000 -54220.000000 -51324.000000 -47134.000000 -43610.000000
-57720.000000 -54220.000000 -51324.000000 -47142.000000 -43614.000000
-57720.000000 -54224.000000 -51328.000000 -47150.000000 -43626.000000
-57730.000000 -54232.000000 -51336.000000 -47148.000000 -43628.000000
-57726.000000 -54236.000000 -51336.000000 -47144.000000 -43628.000000
-57734.000000 -54236.000000 -51332.000000 -47148.000000 -43632.000000
-57742.000000 -54236.000000 -51344.000000 -47152.000000 -43636.000000
-57738.000000 -54232.000000 -51340.000000 -47152.000000 -43632.000000
-57746.000000 -54240.000000 -51336.000000 -47148.000000 -43628.000000
-57748.000000 -54242.000000 -51330.000000 -47150.000000 -43626.000000
-57752.000000 -54246.000000 -51334.000000 -47154.000000 -43626.000000
-57752.000000 -54246.000000 -51322.000000 -47150.000000 -43626.000000
-57752.000000 -54246.000000 -51326.000000 -47162.000000 -43638.000000
-57752.000000 -54246.000000 -51326.000000 -47162.000000 -43634.000000
-57752.000000 -54246.000000 -51318.000000 -47158.000000 -43630.000000
-57752.000000 -54246.000000 -51318.000000 -47158.000000 -43628.000000
-57752.000000 -54250.000000 -51322.000000 -47162.000000 -43628.000000
-57746.000000 -54246.000000 -51322.000000 -47160.000000 -43624.000000
-57754.000000 -54258.000000 -51330.000000 -47160.000000 -43628.000000
-57754.000000 -54254.000000 -51330.000000 -47164.000000 -43628.000000
-57738.000000 -54246.000000 -51326.000000 -47152.000000 -43624.000000
-57738.000000 -54254.000000 -51330.000000 -47152.000000 -43624.000000
-57750.000000 -54254.000000 -51330.000000 -47156.000000 -43632.000000
-57750.000000 -54254.000000 -51334.000000 -47160.000000 -43632.000000
-57746.000000 -54250.000000 -51330.000000 -47156.000000 -43632.000000
-57740.000000 -54248.000000 -51324.000000 -47142.000000 -43626.000000
-57748.000000 -54248.000000 -51328.000000 -47142.000000 -43622.000000
-57748.000000 -54248.000000 -51332.000000 -47142.000000 -43618.000000
-57744.000000 -54248.000000 -51336.000000 -47138.000000 -43602.000000
-57744.000000 -54248.000000 -51336.000000 -47142.000000 -43598.000000
-57744.000000 -54244.000000 -51332.000000 -47130.000000 -43602.000000
-57748.000000 -54242.000000 -51332.000000 -47134.000000 -43610.000000
-57748.000000 -54242.000000 -51332.000000 -47134.000000 -43610.000000
-57744.000000 -54230.000000 -51324.000000 -47126.000000 -43602.000000
-57736.000000 -54222.000000 -51316.000000 -47118.000000 -43596.000000
-57740.000000 -54226.000000 -51304.000000 -47110.000000 -43600.000000
-57736.000000 -54222.000000 -51292.000000 -47098.000000 -43580.000000
-57744.000000 -54222.000000 -51296.000000 -47094.000000 -43576.000000
-57744.000000 -54222.000000 -51300.000000 -47098.000000 -43576.000000
-57744.000000 -54222.000000 -51304.000000 -47102.000000 -43580.000000
-57748.000000 -54218.000000 -51304.000000 -47094.000000 -43580.000000
-57744.000000 -54206.000000 -51288.000000 -47086.000000 -43576.000000
-57744.000000 -54214.000000 -51296.000000 -47090.000000 -43580.000000
-57740.000000 -54214.000000 -51292.000000 -47090.000000 -43588.000000
-57744.000000 -54222.000000 -51312.000000 -47106.000000 -43596.000000
-57746.000000 -54222.000000 -51318.000000 -47106.000000 -43598.000000
-57746.000000 -54226.000000 -51318.000000 -47114.000000 -43590.000000
-57748.000000 -54224.000000 -51320.000000 -47112.000000 -43596.000000
-57754.000000 -54228.000000 -51326.000000 -47114.000000 -43582.000000
-57758.000000 -54228.000000 -51328.000000 -47110.000000 -43582.000000
-57762.000000 -54236.000000 -51332.000000 -47110.000000 -43578.000000
-57758.000000 -54236.000000 -51328.000000 -47106.000000 -43582.000000
-57758.000000 -54236.000000 -51332.000000 -47102.000000 -43574.000000
-57758.000000 -54232.000000 -51328.000000 -47098.000000 -43574.000000
-57758.000000 -54232.000000 -51328.000000 -47102.000000 -43570.000000
-57756.000000 -54234.000000 -51316.000000 -47088.000000 -43568.000000
-57750.000000 -54236.000000 -51318.000000 -47090.000000 -43570.000000
-57750.000000 -54236.000000 -51318.000000 -47094.000000 -43570.000000
-57754.000000 -54236.000000 -51314.000000 -47098.000000 -43570.000000
-57758.000000 -54240.000000 -51318.000000 -47106.000000 -43574.000000
-57758.000000 -54240.000000 -51320.000000 -47104.000000 -43580.000000
-57758.000000 -54236.000000 -51328.000000 -47100.000000 -43580.000000
-57758.000000 -54232.000000 -51320.000000 -47092.000000 -43580.000000
-57766.000000 -54234.000000 -51320.000000 -47096.000000 -43576.000000
-57754.000000 -54226.000000 -51316.000000 -47092.000000 -43568.000000
-57754.000000 -54226.000000 -51310.000000 -47100.000000 -43572.000000
-57754.000000 -54226.000000 -51318.000000 -47112.000000 -43584.000000
-57754.000000 -54230.000000 -51314.000000 -47116.000000 -43584.000000
-57748.000000 -54224.000000 -51308.000000 -47110.000000 -43566.000000
-57744.000000 -54224.000000 -51308.000000 -47110.000000 -43562.000000
-57744.000000 -54224.000000 -51308.000000 -47110.000000 -43566.000000
-57742.000000 -54222.000000 -51306.000000 -47116.000000 -43568.000000
-57746.000000 -54222.000000 -51306.000000 -47116.000000 -43568.000000
-57746.000000 -54222.000000 -51302.000000 -47120.000000 -43568.000000
-57746.000000 -54226.000000 -51306.000000 -47120.000000 -43568.000000
-57746.000000 -54222.000000 -51310.000000 -47112.000000 -43560.000000
-57734.000000 -54210.000000 -51302.000000 -47100.000000 -43552.000000
-57726.000000 -54206.000000 -51298.000000 -47096.000000 -43554.000000
-57726.000000 -54210.000000 -51298.000000 -47100.000000 -43558.000000
-57722.000000 -54210.000000 -51298.000000 -47108.000000 -43562.000000
-57718.000000 -54206.000000 -51290.000000 -47092.000000 -43562.000000
-57722.000000 -54206.000000 -51298.000000 -47092.000000 -43570.000000
-57722.000000 -54202.000000 -51298.000000 -47100.000000 -43574.000000
-57710.000000 -54190.000000 -51286.000000 -47088.000000 -43566.000000
-57710.000000 -54178.000000 -51278.000000 -47090.000000 -43566.000000
-57702.000000 -54170.000000 -51276.000000 -47086.000000 -43558.000000
-57706.000000 -54174.000000 -51284.000000 -47108.000000 -43566.000000
-57706.000000 -54178.000000 -51300.000000 -47128.000000 -43570.000000
-57710.000000 -54170.000000 -51292.000000 -47120.000000 -43570.000000
-57702.000000 -54162.000000 -51288.000000 -47124.000000 -43566.000000
-57694.000000 -54158.000000 -51288.000000 -47116.000000 -43562.000000
-57694.000000 -54154.000000 -51284.000000 -47128.000000 -43558.000000
-57694.000000 -54162.000000 -51288.000000 -47132.000000 -43558.000000
-57690.000000 -54174.000000 -51284.000000 -47132.000000 -43562.000000
-57686.000000 -54174.000000 -51284.000000 -47132.000000 -43562.000000
-57692.000000 -54190.000000 -51278.000000 -47134.000000 -43568.000000
-57688.000000 -54182.000000 -51270.000000 -47130.000000 -43548.000000
-57688.000000 -54182.000000 -51274.000000 -47130.000000 -43548.000000
-57696.000000 -54186.000000 -51270.000000 -47138.000000 -43552.000000
-57698.000000 -54186.000000 -51270.000000 -47138.000000 -43548.000000
-57694.000000 -54182.000000 -51266.000000 -47130.000000 -43544.000000
-57690.000000 -54190.000000 -51270.000000 -47134.000000 -43544.000000
-57694.000000 -54198.000000 -51270.000000 -47126.000000 -43548.000000
-57694.000000 -54194.000000 -51262.000000 -47116.000000 -43550.000000
-57702.000000 -54198.000000 -51262.000000 -47118.000000 -43550.000000
-57698.000000 -54202.000000 -51258.000000 -47122.000000 -43546.000000
-57694.000000 -54194.000000 -51258.000000 -47110.000000 -43550.000000
-57686.000000 -54190.000000 -51250.000000 -47122.000000 -43554.000000
-57686.000000 -54186.000000 -51246.000000 -47118.000000 -43550.000000
-57682.000000 -54186.000000 -51250.000000 -47118.000000 -43554.000000
-57678.000000 -54186.000000 -51254.000000 -47114.000000 -43552.000000
-57672.000000 -54184.000000 -51252.000000 -47118.000000 -43550.000000
-57680.000000 -54200.000000 -51256.000000 -47122.000000 -43558.000000
-57678.000000 -54200.000000 -51256.000000 -47116.000000 -43556.000000
-57674.000000 -54196.000000 -51252.000000 -47112.000000 -43548.000000
-57674.000000 -54196.000000 -51252.000000 -47120.000000 -43552.000000
-57674.000000 -54200.000000 -51256.000000 -47120.000000 -43552.000000
-57674.000000 -54206.000000 -51262.000000 -47128.000000 -43552.000000
-57670.000000 -54198.000000 -51254.000000 -47116.000000 -43548.000000
-57670.000000 -54198.000000 -51254.000000 -47120.000000 -43556.000000
-57674.000000 -54200.000000 -51256.000000 -47116.000000 -43550.000000
-57668.000000 -54190.000000 -51252.000000 -47122.000000 -43556.000000
-57668.000000 -54186.000000 -51252.000000 -47122.000000 -43556.000000
-57666.000000 -54194.000000 -51252.000000 -47122.000000 -43544.000000
-57666.000000 -54198.000000 -51252.000000 -47124.000000 -43548.000000
-57666.000000 -54198.000000 -51252.000000 -47126.000000 -43548.000000
-57666.000000 -54198.000000 -51252.000000 -47126.000000 -43544.000000
-57666.000000 -54196.000000 -51254.000000 -47126.000000 -43544.000000
-57670.000000 -54192.000000 -51250.000000 -47122.000000 -43544.000000
-57670.000000 -54196.000000 -51254.000000 -47126.000000 -43544.000000
-57670.000000 -54196.000000 -51250.000000 -47122.000000 -43540.000000
-57662.000000 -54186.000000 -51240.000000 -47108.000000 -43530.000000
-57654.000000 -54182.000000 -51236.000000 -47100.000000 -43534.000000
-57650.000000 -54174.000000 -51236.000000 -47100.000000 -43534.000000
-57650.000000 -54174.000000 -51240.000000 -47100.000000 -43534.000000
-57640.000000 -54178.000000 -51232.000000 -47102.000000 -43528.000000
-57648.000000 -54186.000000 -51240.000000 -47106.000000 -43536.000000
-57652.000000 -54182.000000 -51244.000000 -47102.000000 -43536.000000
-57652.000000 -54182.000000 -51244.000000 -47102.000000 -43528.000000
-57664.000000 -54190.000000 -51248.000000 -47106.000000 -43534.000000
-57658.000000 -54192.000000 -51258.000000 -47112.000000 -43526.000000
-57658.000000 -54200.000000 -51266.000000 -47116.000000 -43534.000000
-57660.000000 -54206.000000 -51268.000000 -47118.000000 -43532.000000
-57656.000000 -54206.000000 -51268.000000 -47106.000000 -43524.000000
-57660.000000 -54202.000000 -51260.000000 -47102.000000 -43516.000000
-57656.000000 -54202.000000 -51260.000000 -47110.000000 -43508.000000
-57650.000000 -54196.000000 -51256.000000 -47100.000000 -43500.000000
-57650.000000 -54204.000000 -51264.000000 -47112.000000 -43500.000000
-57650.000000 -54206.000000 -51270.000000 -47124.000000 -43500.000000
-57650.000000 -54204.000000 -51264.000000 -47130.000000 -43502.000000
-57650.000000 -54208.000000 -51264.000000 -47132.000000 -43502.000000
-57650.000000 -54208.000000 -51264.000000 -47132.000000 -43514.000000
-57658.000000 -54212.000000 -51268.000000 -47132.000000 -43506.000000
-57656.000000 -54220.000000 -51268.000000 -47140.000000 -43512.000000
-57660.000000 -54220.000000 -51268.000000 -47140.000000 -43516.000000
-57660.000000 -54224.000000 -51268.000000 -47140.000000 -43516.000000
-57672.000000 -54232.000000 -51272.000000 -47152.000000 -43520.000000
-57678.000000 -54236.000000 -51272.000000 -47152.000000 -43520.000000
-57690.000000 -54244.000000 -51284.000000 -47152.000000 -43516.000000
-57700.000000 -54246.000000 -51290.000000 -47162.000000 -43522.000000
-57700.000000 -54246.000000 -51290.000000 -47166.000000 -43526.000000
-57700.000000 -54250.000000 -51294.000000 -47158.000000 -43534.000000
-57700.000000 -54266.000000 -51314.000000 -47162.000000 -43542.000000
-57700.000000 -54266.000000 -51318.000000 -47170.000000 -43546.000000
-57692.000000 -54266.000000 -51318.000000 -47178.000000 -43546.000000
-57692.000000 -54262.000000 -51318.000000 -47176.000000 -43546.000000
-57692.000000 -54262.000000 -51318.000000 -47188.000000 -43546.000000
-57692.000000 -54262.000000 -51318.000000 -47188.000000 -43542.000000
-57696.000000 -54258.000000 -51318.000000 -47184.000000 -43542.000000
-57696.000000 -54254.000000 -51324.000000 -47184.000000 -43542.000000
-57688.000000 -54246.000000 -51316.000000 -47176.000000 -43538.000000
-57676.000000 -54244.000000 -51310.000000 -47174.000000 -43540.000000
-57676.000000 -54228.000000 -51298.000000 -47162.000000 -43536.000000
-57684.000000 -54236.000000 -51300.000000 -47162.000000 -43544.000000
-57684.000000 -54232.000000 -51304.000000 -47166.000000 -43552.000000
-57688.000000 -54244.000000 -51308.000000 -47174.000000 -43556.000000
-57690.000000 -54234.000000 -51300.000000 -47164.000000 -43546.000000
-57690.000000 -54234.000000 -51300.000000 -47160.000000 -43542.000000
-57690.000000 -54234.000000 -51300.000000 -47160.000000 -43544.000000
-57690.000000 -54234.000000 -51292.000000 -47152.000000 -43540.000000
-57690.000000 -54238.000000 -51292.000000 -47164.000000 -43552.000000
-57690.000000 -54238.000000 -51296.000000 -47164.000000 -43560.000000
-57686.000000 -54234.000000 -51292.000000 -47176.000000 -43564.000000
-57686.000000 -54234.000000 -51292.000000 -47176.000000 -43564.000000
-57698.000000 -54240.000000 -51300.000000 -47182.000000 -43558.000000
-57694.000000 -54236.000000 -51304.000000 -47182.000000 -43558.000000
-57690.000000 -54236.000000 -51304.000000 -47182.000000 -43558.000000
-57690.000000 -54236.000000 -51304.000000 -47182.000000 -43562.000000
-57686.000000 -54236.000000 -51292.000000 -47182.000000 -43566.000000
-57686.000000 -54230.000000 -51286.000000 -47180.000000 -43564.000000
-57686.000000 -54230.000000 -51286.000000 -47176.000000 -43572.000000
-57682.000000 -54228.000000 -51290.000000 -47174.000000 -43566.000000
-57682.000000 -54228.000000 -51290.000000 -47174.000000 -43566.000000
-57682.000000 -54224.000000 -51290.000000 -47180.000000 -43570.000000
-57674.000000 -54220.000000 -51294.000000 -47168.000000 -43566.000000
-57664.000000 -54214.000000 -51288.000000 -47158.000000 -43556.000000
-57672.000000 -54214.000000 -51292.000000 -47174.000000 -43560.000000
-57672.000000 -54214.000000 -51292.000000 -47174.000000 -43564.000000
-57680.000000 -54214.000000 -51296.000000 -47178.000000 -43568.000000
-57674.000000 -54212.000000 -51290.000000 -47180.000000 -43562.000000
-57670.000000 -54216.000000 -51290.000000 -47180.000000 -43562.000000
-57670.000000 -54212.000000 -51286.000000 -47180.000000 -43570.000000
-57670.000000 -54212.000000 -51286.000000 -47192.000000 -43574.000000
-57662.000000 -54200.000000 -51274.000000 -47184.000000 -43562.000000
-57664.000000 -54194.000000 -51272.000000 -47170.000000 -43564.000000
-57668.000000 -54194.000000 -51272.000000 -47170.000000 -43568.000000
-57668.000000 -54194.000000 -51272.000000 -47166.000000 -43572.000000
-57664.000000 -54190.000000 -51272.000000 -47158.000000 -43568.000000
-57664.000000 -54190.000000 -51264.000000 -47156.000000 -43564.000000
-57660.000000 -54182.000000 -51260.000000 -47168.000000 -43556.000000
-57656.000000 -54170.000000 -51248.000000 -47156.000000 -43544.000000
-57660.000000 -54174.000000 -51252.000000 -47152.000000 -43536.000000
-57668.000000 -54182.000000 -51264.000000 -47152.000000 -43536.000000
-57678.000000 -54176.000000 -51270.000000 -47138.000000 -43534.000000
-57678.000000 -54172.000000 -51270.000000 -47146.000000 -43534.000000
-57678.000000 -54172.000000 -51270.000000 -47150.000000 -43534.000000
-57674.000000 -54168.000000 -51266.000000 -47146.000000 -43538.000000
-57674.000000 -54156.000000 -51254.000000 -47138.000000 -43534.000000
-57674.000000 -54156.000000 -51250.000000 -47130.000000 -43526.000000
-57672.000000 -54158.000000 -51244.000000 -47128.000000 -43520.000000
-57676.000000 -54162.000000 -51244.000000 -47124.000000 -43520.000000
-57684.000000 -54178.000000 -51252.000000 -47120.000000 -43520.000000
-57684.000000 -54182.000000 -51252.000000 -47124.000000 -43524.000000
-57680.000000 -54182.000000 -51256.000000 -47132.000000 -43528.000000
-57692.000000 -54190.000000 -51256.000000 -47128.000000 -43528.000000
-57692.000000 -54190.000000 -51256.000000 -47130.000000 -43528.000000
-57684.000000 -54182.000000 -51248.000000 -47134.000000 -43536.000000
-57694.000000 -54188.000000 -51246.000000 -47140.000000 -43542.000000
-57694.000000 -54188.000000 -51254.000000 -47140.000000 -43542.000000
-57694.000000 -54192.000000 -51258.000000 -47140.000000 -43546.000000
-57694.000000 -54192.000000 -51256.000000 -47136.000000 -43546.000000
-57696.000000 -54202.000000 -51248.000000 -47138.000000 -43540.000000
-57692.000000 -54190.000000 -51236.000000 -47126.000000 -43528.000000
-57696.000000 -54194.000000 -51240.000000 -47130.000000 -43532.000000
-57696.000000 -54194.000000 -51240.000000 -47128.000000 -43532.000000
-57690.000000 -54188.000000 -51230.000000 -47118.000000 -43534.000000
-57686.000000 -54188.000000 -51234.000000 -47122.000000 -43538.000000
-57690.000000 -54190.000000 -51228.000000 -47116.000000 -43536.000000
-57688.000000 -54188.000000 -51234.000000 -47114.000000 -43530.000000
-57680.000000 -54180.000000 -51222.000000 -47102.000000 -43518.000000
-57680.000000 -54180.000000 -51222.000000 -47102.000000 -43518.000000
-57672.000000 -54176.000000 -51218.000000 -47098.000000 -43514.000000
-57660.000000 -54162.000000 -51204.000000 -47088.000000 -43496.000000
-57660.000000 -54162.000000 -51204.000000 -47082.000000 -43498.000000
-57660.000000 -54150.000000 -51192.000000 -47082.000000 -43490.000000
-57664.000000 -54144.000000 -51210.000000 -47092.000000 -43504.000000
-57672.000000 -54144.000000 -51202.000000 -47088.000000 -43496.000000
-57676.000000 -54144.000000 -51202.000000 -47090.000000 -43492.000000
-57672.000000 -54144.000000 -51202.000000 -47090.000000 -43488.000000
-57672.000000 -54140.000000 -51210.000000 -47102.000000 -43492.000000
-57668.000000 -54136.000000 -51206.000000 -47098.000000 -43488.000000
-57656.000000 -54132.000000 -51206.000000 -47092.000000 -43482.000000
-57656.000000 -54128.000000 -51198.000000 -47080.000000 -43478.000000
-57660.000000 -54128.000000 -51202.000000 -47088.000000 -43482.000000
-57656.000000 -54128.000000 -51202.000000 -47084.000000 -43482.000000
-57660.000000 -54132.000000 -51202.000000 -47084.000000 -43486.000000
-57664.000000 -54136.000000 -51210.000000 -47092.000000 -43498.000000
-57664.000000 -54136.000000 -51210.000000 -47092.000000 -43498.000000
-57664.000000 -54136.000000 -51210.000000 -47096.000000 -43498.000000
-57664.000000 -54136.000000 -51210.000000 -47096.000000 -43498.000000
-57664.000000 -54128.000000 -51206.000000 -47092.000000 -43494.000000
-57664.000000 -54136.000000 -51210.000000 -47092.000000 -43502.000000
-57660.000000 -54132.000000 -51206.000000 -47080.000000 -43498.000000
-57660.000000 -54132.000000 -51206.000000 -47076.000000 -43498.000000
-57666.000000 -54136.000000 -51216.000000 -47076.000000 -43500.000000
-57670.000000 -54148.000000 -51224.000000 -47080.000000 -43506.000000
-57670.000000 -54140.000000 -51216.000000 -47070.000000 -43510.000000
-57668.000000 -54142.000000 -51218.000000 -47064.000000 -43508.000000
-57664.000000 -54142.000000 -51214.000000 -47060.000000 -43508.000000
-57654.000000 -54136.000000 -51200.000000 -47054.000000 -43502.000000
-57660.000000 -54134.000000 -51198.000000 -47048.000000 -43500.000000
-57664.000000 -54130.000000 -51194.000000 -47044.000000 -43508.000000
-57664.000000 -54134.000000 -51202.000000 -47044.000000 -43516.000000
-57664.000000 -54134.000000 -51202.000000 -47040.000000 -43516.000000
-57656.000000 -54130.000000 -51198.000000 -47036.000000 -43512.000000
-57652.000000 -54126.000000 -51198.000000 -47032.000000 -43508.000000
-57652.000000 -54126.000000 -51198.000000 -47028.000000 -43504.000000
-57646.000000 -54116.000000 -51188.000000 -47026.000000 -43506.000000
-57634.000000 -54108.000000 -51184.000000 -47018.000000 -43502.000000
-57634.000000 -54116.000000 -51188.000000 -47018.000000 -43498.000000
-57638.000000 -54120.000000 -51188.000000 -47018.000000 -43498.000000
-57634.000000 -54116.000000 -51182.000000 -47018.000000 -43498.000000
-57638.000000 -54116.000000 -51178.000000 -47006.000000 -43502.000000
-57638.000000 -54116.000000 -51154.000000 -46998.000000 -43494.000000
-57638.000000 -54116.000000 -51150.000000 -47002.000000 -43498.000000
-57642.000000 -54120.000000 -51154.000000 -47010.000000 -43498.000000
-57638.000000 -54116.000000 -51148.000000 -47010.000000 -43498.000000
-57626.000000 -54108.000000 -51146.000000 -47012.000000 -43492.000000
-57624.000000 -54106.000000 -51144.000000 -47010.000000 -43494.000000
-57620.000000 -54098.000000 -51132.000000 -47008.000000 -43486.000000
-57624.000000 -54098.000000 -51132.000000 -47004.000000 -43492.000000
-57628.000000 -54098.000000 -51136.000000 -47012.000000 -43500.000000
-57628.000000 -54098.000000 -51136.000000 -47012.000000 -43504.000000
-57628.000000 -54098.000000 -51140.000000 -47012.000000 -43506.000000
-57628.000000 -54106.000000 -51140.000000 -47008.000000 -43506.000000
-57628.000000 -54110.000000 -51136.000000 -47000.000000 -43502.000000
-57628.000000 -54110.000000 -51140.000000 -46994.000000 -43500.000000
-57630.000000 -54108.000000 -51146.000000 -46992.000000 -43502.000000
-57630.000000 -54108.000000 -51146.000000 -46988.000000 -43498.000000
-57626.000000 -54108.000000 -51146.000000 -46988.000000 -43498.000000
-57626.000000 -54108.000000 -51146.000000 -46996.000000 -43502.000000
-57634.000000 -54108.000000 -51158.000000 -47000.000000 -43514.000000
-57636.000000 -54106.000000 -51154.000000 -47000.000000 -43514.000000
-57644.000000 -54114.000000 -51150.000000 -46992.000000 -43516.000000
-57644.000000 -54114.000000 -51152.000000 -46990.000000 -43510.000000
-57644.000000 -54114.000000 -51148.000000 -46998.000000 -43506.000000
-57628.000000 -54094.000000 -51124.000000 -46986.000000 -43502.000000
-57628.000000 -54106.000000 -51128.000000 -46982.000000 -43506.000000
-57628.000000 -54110.000000 -51130.000000 -46976.000000 -43504.000000
-57632.000000 -54110.000000 -51122.000000 -46976.000000 -43496.000000
-57632.000000 -54114.000000 -51130.000000 -46976.000000 -43500.000000
-57632.000000 -54114.000000 -51126.000000 -46972.000000 -43496.000000
-57630.000000 -54112.000000 -51128.000000 -46994.000000 -43506.000000
-57630.000000 -54112.000000 -51124.000000 -46996.000000 -43512.000000
-57636.000000 -54118.000000 -51130.000000 -47002.000000 -43510.000000
-57644.000000 -54118.000000 -51130.000000 -47002.000000 -43510.000000
-57656.000000 -54142.000000 -51142.000000 -47018.000000 -43526.000000
-57652.000000 -54146.000000 -51146.000000 -47018.000000 -43522.000000
-57648.000000 -54150.000000 -51142.000000 -47014.000000 -43530.000000
-57656.000000 -54146.000000 -51142.000000 -47018.000000 -43530.000000
-57662.000000 -54152.000000 -51156.000000 -47016.000000 -43528.000000
-57666.000000 -54152.000000 -51156.000000 -47020.000000 -43532.000000
-57678.000000 -54156.000000 -51158.000000 -47018.000000 -43542.000000
-57674.000000 -54164.000000 -51154.000000 -47022.000000 -43538.000000
-57674.000000 -54172.000000 -51162.000000 -47026.000000 -43538.000000
-57672.000000 -54170.000000 -51168.000000 -47028.000000 -43544.000000
-57676.000000 -54170.000000 -51168.000000 -47024.000000 -43552.000000
-57676.000000 -54166.000000 -51168.000000 -47032.000000 -43548.000000
-57676.000000 -54162.000000 -51172.000000 -47032.000000 -43540.000000
-57680.000000 -54162.000000 -51176.000000 -47024.000000 -43540.000000
-57672.000000 -54162.000000 -51164.000000 -47012.000000 -43536.000000
-57672.000000 -54154.000000 -51160.000000 -47000.000000 -43520.000000
-57674.000000 -54154.000000 -51160.000000 -46998.000000 -43518.000000
-57670.000000 -54158.000000 -51164.000000 -46994.000000 -43518.000000
-57674.000000 -54150.000000 -51164.000000 -47010.000000 -43536.000000
-57678.000000 -54146.000000 -51156.000000 -47018.000000 -43540.000000
-57682.000000 -54150.000000 -51164.000000 -47026.000000 -43544.000000
-57682.000000 -54150.000000 -51176.000000 -47022.000000 -43540.000000
-57678.000000 -54154.000000 -51176.000000 -47026.000000 -43548.000000
-57682.000000 -54150.000000 -51172.000000 -47030.000000 -43540.000000
-57678.000000 -54150.000000 -51174.000000 -47026.000000 -43538.000000
-57692.000000 -54160.000000 -51182.000000 -47034.000000 -43534.000000
-57692.000000 -54164.000000 -51182.000000 -47042.000000 -43534.000000
-57692.000000 -54168.000000 -51190.000000 -47054.000000 -43530.000000
-57700.000000 -54178.000000 -51190.000000 -47050.000000 -43542.000000
-57696.000000 -54178.000000 -51190.000000 -47046.000000 -43538.000000
-57704.000000 -54190.000000 -51186.000000 -47042.000000 -43534.000000
-57708.000000 -54198.000000 -51194.000000 -47046.000000 -43542.000000
-57712.000000 -54198.000000 -51194.000000 -47050.000000 -43550.000000
-57716.000000 -54196.000000 -51196.000000 -47056.000000 -43548.000000
-57712.000000 -54188.000000 -51192.000000 -47056.000000 -43540.000000
-57712.000000 -54188.000000 -51192.000000 -47046.000000 -43532.000000
-57722.000000 -54190.000000 -51206.000000 -47040.000000 -43538.000000
-57722.000000 -54194.000000 -51206.000000 -47040.000000 -43542.000000
-57722.000000 -54194.000000 -51210.000000 -47050.000000 -43548.000000
-57732.000000 -54196.000000 -51212.000000 -47044.000000 -43538.000000
-57740.000000 -54198.000000 -51210.000000 -47046.000000 -43540.000000
-57736.000000 -54198.000000 -51210.000000 -47050.000000 -43544.000000
-57736.000000 -54188.000000 -51208.000000 -47044.000000 -43546.000000
-57736.000000 -54188.000000 -51208.000000 -47052.000000 -43550.000000
-57736.000000 -54192.000000 -51216.000000 -47052.000000 -43550.000000
-57732.000000 -54188.000000 -51220.000000 -47052.000000 -43552.000000
-57732.000000 -54184.000000 -51220.000000 -47056.000000 -43552.000000
-57732.000000 -54188.000000 -51228.000000 -47056.000000 -43552.000000
-57736.000000 -54192.000000 -51232.000000 -47056.000000 -43552.000000
-57736.000000 -54192.000000 -51236.000000 -47060.000000 -43552.000000
-57736.000000 -54188.000000 -51232.000000 -47060.000000 -43548.000000
-57740.000000 -54196.000000 -51232.000000 -47060.000000 -43548.000000
-57742.000000 -54196.000000 -51236.000000 -47052.000000 -43542.000000
-57742.000000 -54192.000000 -51244.000000 -47050.000000 -43556.000000
-57742.000000 -54192.000000 -51244.000000 -47054.000000 -43564.000000
-57740.000000 -54190.000000 -51260.000000 -47060.000000 -43558.000000
-57748.000000 -54198.000000 -51260.000000 -47064.000000 -43562.000000
-57756.000000 -54214.000000 -51276.000000 -47084.000000 -43582.000000
-57756.000000 -54214.000000 -51276.000000 -47084.000000 -43582.000000
-57764.000000 -54214.000000 -51274.000000 -47084.000000 -43588.000000
-57770.000000 -54216.000000 -51272.000000 -47078.000000 -43582.000000
-57766.000000 -54216.000000 -51268.000000 -47078.000000 -43578.000000
-57774.000000 -54212.000000 -51264.000000 -47078.000000 -43586.000000
-57778.000000 -54220.000000 -51268.000000 -47070.000000 -43590.000000
-57778.000000 -54220.000000 -51268.000000 -47070.000000 -43586.000000
-57774.000000 -54216.000000 -51264.000000 -47066.000000 -43582.000000
-57774.000000 -54212.000000 -51256.000000 -47058.000000 -43578.000000
-57774.000000 -54212.000000 -51256.000000 -47054.000000 -43570.000000
-57774.000000 -54212.000000 -51260.000000 -47054.000000 -43570.000000
-57782.000000 -54220.000000 -51256.000000 -47046.000000 -43574.000000
-57782.000000 -54224.000000 -51252.000000 -47050.000000 -43578.000000
-57786.000000 -54224.000000 -51256.000000 -47046.000000 -43570.000000
-57782.000000 -54216.000000 -51248.000000 -47050.000000 -43566.000000
-57786.000000 -54208.000000 -51242.000000 -47046.000000 -43566.000000
-57790.000000 -54208.000000 -51246.000000 -47046.000000 -43570.000000
-57790.000000 -54204.000000 -51246.000000 -47042.000000 -43570.000000
-57794.000000 -54204.000000 -51250.000000 -47046.000000 -43570.000000
-57802.000000 -54204.000000 -51246.000000 -47054.000000 -43574.000000
-57800.000000 -54210.000000 -51236.000000 -47036.000000 -43552.000000
-57796.000000 -54206.000000 -51232.000000 -47034.000000 -43552.000000
-57788.000000 -54204.000000 -51224.000000 -47026.000000 -43544.000000
-57792.000000 -54212.000000 -51228.000000 -47036.000000 -43544.000000
-57800.000000 -54208.000000 -51220.000000 -47030.000000 -43542.000000
-57796.000000 -54208.000000 -51216.000000 -47030.000000 -43542.000000
-57796.000000 -54204.000000 -51216.000000 -47034.000000 -43542.000000
-57796.000000 -54204.000000 -51212.000000 -47034.000000 -43538.000000
-57800.000000 -54208.000000 -51208.000000 -47038.000000 -43542.000000
-57798.000000 -54198.000000 -51198.000000 -47032.000000 -43540.000000
-57798.000000 -54200.000000 -51186.000000 -47016.000000 -43524.000000
-57806.000000 -54196.000000 -51194.000000 -47016.000000 -43528.000000
-57806.000000 -54200.000000 -51194.000000 -47016.000000 -43528.000000
-57806.000000 -54204.000000 -51198.000000 -47016.000000 -43528.000000
-57816.000000 -54204.000000 -51214.000000 -47026.000000 -43528.000000
-57812.000000 -54206.000000 -51214.000000 -47038.000000 -43528.000000
-57812.000000 -54198.000000 -51218.000000 -47034.000000 -43524.000000
-57804.000000 -54190.000000 -51206.000000 -47026.000000 -43512.000000
-57804.000000 -54190.000000 -51206.000000 -47030.000000 -43512.000000
-57804.000000 -54190.000000 -51206.000000 -47030.000000 -43512.000000
-57802.000000 -54190.000000 -51204.000000 -47028.000000 -43512.000000
-57810.000000 -54186.000000 -51208.000000 -47028.000000 -43512.000000
-57806.000000 -54186.000000 -51204.000000 -47020.000000 -43506.000000
-57806.000000 -54186.000000 -51200.000000 -47016.000000 -43502.000000
-57802.000000 -54186.000000 -51208.000000 -47016.000000 -43498.000000
-57802.000000 -54182.000000 -51208.000000 -47000.000000 -43494.000000
-57800.000000 -54174.000000 -51206.000000 -47002.000000 -43496.000000
-57816.000000 -54190.000000 -51230.000000 -47018.000000 -43512.000000
-57816.000000 -54190.000000 -51230.000000 -47018.000000 -43512.000000
-57824.000000 -54194.000000 -51242.000000 -47024.000000 -43510.000000
-57818.000000 -54192.000000 -51240.000000 -47018.000000 -43524.000000
-57818.000000 -54200.000000 -51256.000000 -47018.000000 -43524.000000
-57818.000000 -54200.000000 -51256.000000 -47020.000000 -43530.000000
-57822.000000 -54212.000000 -51260.000000 -47024.000000 -43538.000000
-57818.000000 -54208.000000 -51260.000000 -47012.000000 -43534.000000
-57818.000000 -54208.000000 -51264.000000 -47012.000000 -43534.000000
-57806.000000 -54200.000000 -51248.000000 -47008.000000 -43526.000000
-57806.000000 -54200.000000 -51248.000000 -47012.000000 -43530.000000
-57802.000000 -54204.000000 -51248.000000 -47008.000000 -43534.000000
-57798.000000 -54212.000000 -51244.000000 -47012.000000 -43526.000000
-57796.000000 -54212.000000 -51244.000000 -47016.000000 -43530.000000
-57800.000000 -54212.000000 -51252.000000 -47016.000000 -43526.000000
-57802.000000 -54214.000000 -51258.000000 -47022.000000 -43528.000000
-57800.000000 -54218.000000 -51250.000000 -47012.000000 -43518.000000
-57804.000000 -54218.000000 -51250.000000 -47012.000000 -43514.000000
-57804.000000 -54222.000000 -51254.000000 -47020.000000 -43506.000000
-57804.000000 -54230.000000 -51258.000000 -47020.000000 -43502.000000
-57796.000000 -54226.000000 -51250.000000 -47020.000000 -43494.000000
-57800.000000 -54226.000000 -51254.000000 -47024.000000 -43498.000000
-57790.000000 -54224.000000 -51256.000000 -47022.000000 -43488.000000
-57792.000000 -54224.000000 -51260.000000 -47022.000000 -43490.000000
-57792.000000 -54224.000000 -51260.000000 -47026.000000 -43486.000000
-57792.000000 -54224.000000 -51260.000000 -47022.000000 -43486.000000
-57790.000000 -54222.000000 -51254.000000 -47020.000000 -43484.000000
-57790.000000 -54226.000000 -51262.000000 -47024.000000 -43480.000000
-57788.000000 -54236.000000 -51266.000000 -47022.000000 -43480.000000
-57800.000000 -54244.000000 -51274.000000 -47028.000000 -43478.000000
-57800.000000 -54244.000000 -51282.000000 -47028.000000 -43478.000000
-57806.000000 -54254.000000 -51282.000000 -47024.000000 -43480.000000
-57806.000000 -54264.000000 -51294.000000 -47022.000000 -43494.000000
-57818.000000 -54268.000000 -51282.000000 -46998.000000 -43492.000000
-57818.000000 -54264.000000 -51282.000000 -46998.000000 -43488.000000
-57814.000000 -54264.000000 -51278.000000 -47006.000000 -43492.000000
-57814.000000 -54264.000000 -51280.000000 -47008.000000 -43484.000000
-57814.000000 -54264.000000 -51280.000000 -47008.000000 -43488.000000
-57814.000000 -54264.000000 -51280.000000 -47004.000000 -43480.000000
-57802.000000 -54252.000000 -51280.000000 -46988.000000 -43464.000000
-57806.000000 -54256.000000 -51288.000000 -46996.000000 -43476.000000
-57806.000000 -54260.000000 -51284.000000 -46996.000000 -43476.000000
-57798.000000 -54252.000000 -51278.000000 -46994.000000 -43470.000000
-57790.000000 -54248.000000 -51270.000000 -46994.000000 -43482.000000
-57790.000000 -54248.000000 -51276.000000 -46996.000000 -43484.000000
-57790.000000 -54246.000000 -51276.000000 -46998.000000 -43482.000000
-57790.000000 -54238.000000 -51268.000000 -47002.000000 -43478.000000
-57798.000000 -54238.000000 -51272.000000 -47002.000000 -43488.000000
-57790.000000 -54234.000000 -51264.000000 -46994.000000 -43480.000000
-57798.000000 -54238.000000 -51268.000000 -46998.000000 -43480.000000
-57802.000000 -54242.000000 -51280.000000 -47006.000000 -43488.000000
-57802.000000 -54238.000000 -51264.000000 -46998.000000 -43476.000000
-57798.000000 -54238.000000 -51260.000000 -46994.000000 -43476.000000
-57798.000000 -54238.000000 -51260.000000 -47002.000000 -43476.000000
-57810.000000 -54238.000000 -51256.000000 -47002.000000 -43480.000000
-57808.000000 -54238.000000 -51250.000000 -46996.000000 -43474.000000
-57812.000000 -54238.000000 -51250.000000 -46988.000000 -43470.000000
-57816.000000 -54230.000000 -51240.000000 -46982.000000 -43476.000000
-57812.000000 -54222.000000 -51238.000000 -46976.000000 -43480.000000
-57806.000000 -54216.000000 -51236.000000 -46978.000000 -43474.000000
-57806.000000 -54220.000000 -51236.000000 -46978.000000 -43474.000000
-57806.000000 -54220.000000 -51236.000000 -46982.000000 -43474.000000
-57802.000000 -54216.000000 -51236.000000 -46982.000000 -43462.000000
-57806.000000 -54212.000000 -51244.000000 -46978.000000 -43470.000000
-57808.000000 -54212.000000 -51246.000000 -46982.000000 -43470.000000
-57812.000000 -54216.000000 -51250.000000 -46982.000000 -43482.000000
-57812.000000 -54220.000000 -51250.000000 -46982.000000 -43482.000000
-57812.000000 -54228.000000 -51254.000000 -46976.000000 -43480.000000
-57816.000000 -54228.000000 -51254.000000 -46980.000000 -43476.000000
-57810.000000 -54224.000000 -51250.000000 -46976.000000 -43472.000000
-57806.000000 -54220.000000 -51250.000000 -46976.000000 -43480.000000
-57816.000000 -54222.000000 -51248.000000 -46978.000000 -43486.000000
-57816.000000 -54222.000000 -51256.000000 -46978.000000 -43486.000000
-57816.000000 -54218.000000 -51252.000000 -46974.000000 -43482.000000
-57812.000000 -54214.000000 -51240.000000 -46966.000000 -43470.000000
-57812.000000 -54214.000000 -51240.000000 -46964.000000 -43468.000000
-57808.000000 -54218.000000 -51244.000000 -46960.000000 -43476.000000
-57808.000000 -54218.000000 -51244.000000 -46960.000000 -43480.000000
-57806.000000 -54214.000000 -51236.000000 -46958.000000 -43476.000000
-57812.000000 -54224.000000 -51238.000000 -46956.000000 -43474.000000
-57806.000000 -54218.000000 -51232.000000 -46950.000000 -43468.000000
-57806.000000 -54226.000000 -51240.000000 -46958.000000 -43468.000000
-57802.000000 -54226.000000 -51240.000000 -46950.000000 -43456.000000
-57806.000000 -54230.000000 -51252.000000 -46954.000000 -43456.000000
-57806.000000 -54230.000000 -51256.000000 -46958.000000 -43460.000000
-57802.000000 -54226.000000 -51256.000000 -46962.000000 -43456.000000
-57802.000000 -54226.000000 -51260.000000 -46958.000000 -43452.000000
-57802.000000 -54230.000000 -51276.000000 -46962.000000 -43456.000000
-57810.000000 -54234.000000 -51280.000000 -46966.000000 -43460.000000
-57814.000000 -54236.000000 -51272.000000 -46962.000000 -43466.000000
-57814.000000 -54242.000000 -51276.000000 -46966.000000 -43474.000000
-57810.000000 -54242.000000 -51272.000000 -46962.000000 -43466.000000
-57814.000000 -54254.000000 -51276.000000 -46958.000000 -43466.000000
-57812.000000 -54254.000000 -51280.000000 -46962.000000 -43460.000000
-57816.000000 -54254.000000 -51280.000000 -46964.000000 -43464.000000
-57812.000000 -54254.000000 -51276.000000 -46960.000000 -43464.000000
-57808.000000 -54250.000000 -51276.000000 -46968.000000 -43460.000000
-57812.000000 -54258.000000 -51288.000000 -46972.000000 -43476.000000
-57808.000000 -54262.000000 -51288.000000 -46976.000000 -43476.000000
-57802.000000 -54252.000000 -51282.000000 -46962.000000 -43478.000000
-57802.000000 -54252.000000 -51282.000000 -46962.000000 -43480.000000
-57804.000000 -54254.000000 -51282.000000 -46964.000000 -43478.000000
-57816.000000 -54254.000000 -51278.000000 -46972.000000 -43458.000000
-57824.000000 -54246.000000 -51278.000000 -46978.000000 -43454.000000
-57822.000000 -54244.000000 -51282.000000 -46972.000000 -43446.000000
-57822.000000 -54246.000000 -51282.000000 -46972.000000 -43444.000000
-57818.000000 -54242.000000 -51286.000000 -46968.000000 -43440.000000
-57810.000000 -54234.000000 -51282.000000 -46964.000000 -43432.000000
-57814.000000 -54242.000000 -51288.000000 -46970.000000 -43432.000000
-57814.000000 -54246.000000 -51296.000000 -46974.000000 -43440.000000
-57810.000000 -54242.000000 -51296.000000 -46974.000000 -43440.000000
-57806.000000 -54244.000000 -51298.000000 -46970.000000 -43450.000000
-57806.000000 -54252.000000 -51306.000000 -46972.000000 -43456.000000
-57814.000000 -54248.000000 -51314.000000 -46972.000000 -43456.000000
-57812.000000 -54252.000000 -51318.000000 -46972.000000 -43458.000000
-57816.000000 -54260.000000 -51330.000000 -46972.000000 -43462.000000
-57816.000000 -54264.000000 -51330.000000 -46976.000000 -43458.000000
-57820.000000 -54256.000000 -51334.000000 -46976.000000 -43450.000000
-57820.000000 -54256.000000 -51330.000000 -46980.000000 -43458.000000
-57816.000000 -54252.000000 -51322.000000 -46968.000000 -43462.000000
-57806.000000 -54246.000000 -51304.000000 -46966.000000 -43456.000000
-57816.000000 -54248.000000 -51302.000000 -46968.000000 -43458.000000
-57800.000000 -54240.000000 -51294.000000 -46964.000000 -43456.000000
-57804.000000 -54242.000000 -51300.000000 -46966.000000 -43462.000000
-57804.000000 -54242.000000 -51296.000000 -46974.000000 -43454.000000
-57808.000000 -54250.000000 -51300.000000 -46982.000000 -43474.000000
-57816.000000 -54242.000000 -51300.000000 -46982.000000 -43474.000000
-57812.000000 -54238.000000 -51296.000000 -46978.000000 -43466.000000
-57808.000000 -54232.000000 -51288.000000 -46970.000000 -43466.000000
-57816.000000 -54248.000000 -51296.000000 -46978.000000 -43474.000000
-57808.000000 -54240.000000 -51300.000000 -46982.000000 -43470.000000
-57802.000000 -54238.000000 -51302.000000 -46984.000000 -43460.000000
-57804.000000 -54238.000000 -51304.000000 -46982.000000 -43464.000000
-57812.000000 -54250.000000 -51312.000000 -46990.000000 -43468.000000
-57824.000000 -54254.000000 -51312.000000 -46986.000000 -43464.000000
-57828.000000 -54262.000000 -51320.000000 -46994.000000 -43472.000000
-57832.000000 -54262.000000 -51320.000000 -46994.000000 -43476.000000
-57838.000000 -54266.000000 -51316.000000 -46994.000000 -43478.000000
-57842.000000 -54262.000000 -51304.000000 -46998.000000 -43474.000000
-57840.000000 -54266.000000 -51304.000000 -47006.000000 -43474.000000
-57844.000000 -54266.000000 -51308.000000 -47018.000000 -43478.000000
-57840.000000 -54264.000000 -51308.000000 -47018.000000 -43478.000000
-57840.000000 -54268.000000 -51308.000000 -47018.000000 -43486.000000
-57836.000000 -54264.000000 -51312.000000 -47014.000000 -43486.000000
-57836.000000 -54272.000000 -51324.000000 -47014.000000 -43486.000000
-57836.000000 -54272.000000 -51324.000000 -47010.000000 -43486.000000
-57836.000000 -54276.000000 -51320.000000 -47010.000000 -43498.000000
-57840.000000 -54276.000000 -51312.000000 -47010.000000 -43494.000000
-57848.000000 -54280.000000 -51318.000000 -47022.000000 -43504.000000
-57852.000000 -54280.000000 -51312.000000 -47016.000000 -43494.000000
-57852.000000 -54280.000000 -51316.000000 -47016.000000 -43498.000000
-57852.000000 -54280.000000 -51316.000000 -47016.000000 -43498.000000
-57872.000000 -54280.000000 -51316.000000 -47014.000000 -43502.000000
-57872.000000 -54280.000000 -51314.000000 -47012.000000 -43510.000000
-57872.000000 -54280.000000 -51306.000000 -47016.000000 -43510.000000
-57876.000000 -54284.000000 -51306.000000 -47012.000000 -43514.000000
-57876.000000 -54284.000000 -51310.000000 -47016.000000 -43520.000000
-57876.000000 -54280.000000 -51306.000000 -47018.000000 -43518.000000
-57880.000000 -54278.000000 -51302.000000 -47022.000000 -43510.000000
-57880.000000 -54278.000000 -51298.000000 -47026.000000 -43506.000000
-57876.000000 -54278.000000 -51296.000000 -47022.000000 -43496.000000
-57876.000000 -54282.000000 -51292.000000 -47014.000000 -43480.000000
-57876.000000 -54280.000000 -51292.000000 -47004.000000 -43476.000000
-57870.000000 -54274.000000 -51298.000000 -47014.000000 -43482.000000
-57870.000000 -54274.000000 -51298.000000 -47018.000000 -43482.000000
-57870.000000 -54274.000000 -51298.000000 -47026.000000 -43482.000000
-57886.000000 -54290.000000 -51314.000000 -47026.000000 -43490.000000
-57880.000000 -54284.000000 -51308.000000 -47024.000000 -43484.000000
-57880.000000 -54284.000000 -51308.000000 -47028.000000 -43484.000000
-57880.000000 -54284.000000 -51308.000000 -47032.000000 -43488.000000
-57880.000000 -54280.000000 -51312.000000 -47028.000000 -43484.000000
-57880.000000 -54272.000000 -51312.000000 -47028.000000 -43480.000000
-57882.000000 -54270.000000 -51318.000000 -47022.000000 -43468.000000
-57886.000000 -54274.000000 -51318.000000 -47022.000000 -43464.000000
-57886.000000 -54274.000000 -51314.000000 -47022.000000 -43468.000000
-57890.000000 -54278.000000 -51318.000000 -47030.000000 -43476.000000
-57894.000000 -54282.000000 -51318.000000 -47034.000000 -43476.000000
-57898.000000 -54282.000000 -51318.000000 -47030.000000 -43476.000000
-57894.000000 -54286.000000 -51318.000000 -47038.000000 -43472.000000
-57896.000000 -54282.000000 -51324.000000 -47044.000000 -43476.000000
-57896.000000 -54282.000000 -51328.000000 -47044.000000 -43472.000000
-57902.000000 -54274.000000 -51322.000000 -47040.000000 -43466.000000
-57904.000000 -54274.000000 -51322.000000 -47048.000000 -43478.000000
-57900.000000 -54274.000000 -51322.000000 -47036.000000 -43470.000000
-57900.000000 -54270.000000 -51322.000000 -47028.000000 -43462.000000
-57900.000000 -54266.000000 -51318.000000 -47028.000000 -43466.000000
-57900.000000 -54270.000000 -51322.000000 -47032.000000 -43466.000000
-57892.000000 -54266.000000 -51314.000000 -47024.000000 -43458.000000
-57900.000000 -54262.000000 -51310.000000 -47028.000000 -43458.000000
-57894.000000 -54244.000000 -51294.000000 -47008.000000 -43442.000000
-57898.000000 -54240.000000 -51292.000000 -47008.000000 -43438.000000
-57890.000000 -54232.000000 -51284.000000 -47000.000000 -43426.000000
-57894.000000 -54232.000000 -51284.000000 -47000.000000 -43418.000000
-57890.000000 -54220.000000 -51276.000000 -46992.000000 -43430.000000
-57894.000000 -54212.000000 -51276.000000 -46988.000000 -43426.000000
-57890.000000 -54220.000000 -51284.000000 -46992.000000 -43426.000000
-57884.000000 -54218.000000 -51278.000000 -46988.000000 -43408.000000
-57888.000000 -54226.000000 -51290.000000 -46988.000000 -43412.000000
-57888.000000 -54228.000000 -51292.000000 -46994.000000 -43414.000000
-57886.000000 -54226.000000 -51290.000000 -46988.000000 -43416.000000
-57882.000000 -54222.000000 -51294.000000 -46984.000000 -43416.000000
-57890.000000 -54222.000000 -51294.000000 -46984.000000 -43420.000000
-57886.000000 -54218.000000 -51282.000000 -46976.000000 -43408.000000
-57886.000000 -54218.000000 -51282.000000 -46976.000000 -43408.000000
-57886.000000 -54218.000000 -51286.000000 -46980.000000 -43416.000000
-57882.000000 -54218.000000 -51286.000000 -46980.000000 -43420.000000
-57884.000000 -54220.000000 -51288.000000 -46994.000000 -43422.000000
-57888.000000 -54220.000000 -51296.000000 -47002.000000 -43426.000000
-57890.000000 -54220.000000 -51286.000000 -47004.000000 -43424.000000
-57890.000000 -54220.000000 -51294.000000 -47016.000000 -43436.000000
-57890.000000 -54228.000000 -51290.000000 -47024.000000 -43438.000000
-57890.000000 -54228.000000 -51290.000000 -47016.000000 -43458.000000
-57890.000000 -54228.000000 -51290.000000 -47016.000000 -43458.000000
-57890.000000 -54228.000000 -51290.000000 -47018.000000 -43456.000000
-57886.000000 -54224.000000 -51290.000000 -47014.000000 -43452.000000
-57898.000000 -54236.000000 -51298.000000 -47022.000000 -43456.000000
-57898.000000 -54236.000000 -51298.000000 -47022.000000 -43456.000000
-57902.000000 -54240.000000 -51314.000000 -47026.000000 -43460.000000
-57902.000000 -54240.000000 -51314.000000 -47030.000000 -43464.000000
-57898.000000 -54240.000000 -51310.000000 -47030.000000 -43460.000000
-57898.000000 -54250.000000 -51316.000000 -47036.000000 -43462.000000
-57898.000000 -54270.000000 -51324.000000 -47040.000000 -43462.000000
-57890.000000 -54258.000000 -51312.000000 -47028.000000 -43454.000000
-57894.000000 -54258.000000 -51312.000000 -47028.000000 -43448.000000
-57898.000000 -54262.000000 -51312.000000 -47028.000000 -43452.000000
-57902.000000 -54258.000000 -51308.000000 -47020.000000 -43448.000000
-57894.000000 -54262.000000 -51296.000000 -47016.000000 -43436.000000
-57898.000000 -54256.000000 -51290.000000 -47022.000000 -43430.000000
-57898.000000 -54256.000000 -51296.000000 -47026.000000 -43438.000000
-57896.000000 -54248.000000 -51288.000000 -47030.000000 -43428.000000
-57894.000000 -54256.000000 -51288.000000 -47038.000000 -43428.000000
-57890.000000 -54256.000000 -51280.000000 -47030.000000 -43412.000000
-57882.000000 -54250.000000 -51268.000000 -47036.000000 -43410.000000
-57882.000000 -54250.000000 -51266.000000 -47034.000000 -43412.000000
-57874.000000 -54242.000000 -51266.000000 -47030.000000 -43408.000000
-57874.000000 -54242.000000 -51270.000000 -47026.000000 -43408.000000
-57874.000000 -54242.000000 -51270.000000 -47030.000000 -43408.000000
-57878.000000 -54246.000000 -51262.000000 -47030.000000 -43432.000000
-57876.000000 -54252.000000 -51260.000000 -47032.000000 -43438.000000
-57880.000000 -54252.000000 -51256.000000 -47040.000000 -43442.000000
-57884.000000 -54256.000000 -51264.000000 -47044.000000 -43446.000000
-57876.000000 -54248.000000 -51256.000000 -47040.000000 -43438.000000
-57870.000000 -54248.000000 -51250.000000 -47040.000000 -43436.000000
-57870.000000 -54256.000000 -51250.000000 -47032.000000 -43436.000000
-57874.000000 -54260.000000 -51254.000000 -47020.000000 -43432.000000
-57870.000000 -54264.000000 -51262.000000 -47024.000000 -43436.000000
-57878.000000 -54268.000000 -51270.000000 -47028.000000 -43444.000000
-57874.000000 -54268.000000 -51274.000000 -47032.000000 -43448.000000
-57876.000000 -54278.000000 -51280.000000 -47022.000000 -43448.000000
-57884.000000 -54278.000000 -51280.000000 -47024.000000 -43454.000000
-57882.000000 -54278.000000 -51274.000000 -47018.000000 -43450.000000
-57882.000000 -54274.000000 -51278.000000 -47010.000000 -43446.000000
-57890.000000 -54278.000000 -51276.000000 -47010.000000 -43454.000000
-57890.000000 -54278.000000 -51276.000000 -47014.000000 -43450.000000
-57890.000000 -54286.000000 -51284.000000 -47010.000000 -43446.000000
-57886.000000 -54294.000000 -51288.000000 -47010.000000 -43442.000000
-57884.000000 -54300.000000 -51286.000000 -47008.000000 -43448.000000
-57892.000000 -54308.000000 -51298.000000 -47016.000000 -43448.000000
-57898.000000 -54314.000000 -51316.000000 -47018.000000 -43450.000000
-57898.000000 -54316.000000 -51314.000000 -47018.000000 -43458.000000
-57898.000000 -54316.000000 -51310.000000 -47030.000000 -43458.000000
-57898.000000 -54316.000000 -51314.000000 -47038.000000 -43470.000000
-57902.000000 -54316.000000 -51318.000000 -47038.000000 -43470.000000
-57902.000000 -54308.000000 -51322.000000 -47030.000000 -43474.000000
-57902.000000 -54312.000000 -51326.000000 -47030.000000 -43478.000000
-57906.000000 -54308.000000 -51338.000000 -47030.000000 -43470.000000
-57906.000000 -54312.000000 -51342.000000 -47034.000000 -43466.000000
-57906.000000 -54312.000000 -51342.000000 -47034.000000 -43458.000000
-57902.000000 -54304.000000 -51346.000000 -47042.000000 -43454.000000
-57906.000000 -54308.000000 -51354.000000 -47042.000000 -43450.000000
-57908.000000 -54310.000000 -51362.000000 -47046.000000 -43450.000000
-57910.000000 -54320.000000 -51368.000000 -47060.000000 -43466.000000
-57908.000000 -54326.000000 -51374.000000 -47062.000000 -43460.000000
-57912.000000 -54326.000000 -51374.000000 -47074.000000 -43466.000000
-57912.000000 -54326.000000 -51374.000000 -47066.000000 -43470.000000
-57908.000000 -54322.000000 -51374.000000 -47062.000000 -43468.000000
-57904.000000 -54326.000000 -51378.000000 -47066.000000 -43476.000000
-57896.000000 -54318.000000 -51366.000000 -47070.000000 -43468.000000
-57898.000000 -54314.000000 -51366.000000 -47068.000000 -43472.000000
-57886.000000 -54318.000000 -51354.000000 -47064.000000 -43460.000000
-57886.000000 -54322.000000 -51366.000000 -47076.000000 -43468.000000
-57886.000000 -54318.000000 -51370.000000 -47076.000000 -43476.000000
-57886.000000 -54318.000000 -51370.000000 -47080.000000 -43472.000000
-57896.000000 -54330.000000 -51370.000000 -47082.000000 -43484.000000
-57896.000000 -54330.000000 -51364.000000 -47068.000000 -43480.000000
-57890.000000 -54324.000000 -51358.000000 -47066.000000 -43478.000000
-57902.000000 -54320.000000 -51362.000000 -47062.000000 -43474.000000
-57892.000000 -54314.000000 -51352.000000 -47064.000000 -43472.000000
-57894.000000 -54318.000000 -51356.000000 -47068.000000 -43476.000000
-57894.000000 -54318.000000 -51356.000000 -47064.000000 -43476.000000
-57896.000000 -54320.000000 -51354.000000 -47058.000000 -43484.000000
-57896.000000 -54318.000000 -51346.000000 -47052.000000 -43482.000000
-57890.000000 -54312.000000 -51344.000000 -47046.000000 -43480.000000
-57898.000000 -54312.000000 -51348.000000 -47046.000000 -43484.000000
-57898.000000 -54312.000000 -51348.000000 -47044.000000 -43492.000000
-57898.000000 -54316.000000 -51348.000000 -47044.000000 -43488.000000
-57898.000000 -54320.000000 -51348.000000 -47048.000000 -43492.000000
-57902.000000 -54316.000000 -51340.000000 -47052.000000 -43496.000000
-57904.000000 -54318.000000 -51334.000000 -47052.000000 -43490.000000
-57912.000000 -54330.000000 -51330.000000 -47052.000000 -43494.000000
-57912.000000 -54326.000000 -51326.000000 -47048.000000 -43494.000000
-57912.000000 -54334.000000 -51334.000000 -47064.000000 -43510.000000
-57908.000000 -54326.000000 -51326.000000 -47060.000000 -43502.000000
-57912.000000 -54330.000000 -51330.000000 -47064.000000 -43502.000000
-57916.000000 -54334.000000 -51334.000000 -47056.000000 -43510.000000
-57916.000000 -54334.000000 -51332.000000 -47060.000000 -43522.000000
-57916.000000 -54334.000000 -51332.000000 -47060.000000 -43520.000000
-57912.000000 -54330.000000 -51324.000000 -47052.000000 -43512.000000
-57914.000000 -54334.000000 -51326.000000 -47052.000000 -43524.000000
-57930.000000 -54338.000000 -51334.000000 -47064.000000 -43532.000000
-57926.000000 -54338.000000 -51326.000000 -47072.000000 -43536.000000
-57924.000000 -54332.000000 -51316.000000 -47062.000000 -43546.000000
-57916.000000 -54324.000000 -51308.000000 -47068.000000 -43552.000000
-57916.000000 -54316.000000 -51304.000000 -47060.000000 -43560.000000
-57916.000000 -54312.000000 -51304.000000 -47060.000000 -43556.000000
-57916.000000 -54312.000000 -51300.000000 -47056.000000 -43556.000000
-57912.000000 -54312.000000 -51300.000000 -47056.000000 -43560.000000
-57912.000000 -54308.000000 -51300.000000 -47052.000000 -43548.000000
-57912.000000 -54312.000000 -51296.000000 -47044.000000 -43540.000000
-57920.000000 -54312.000000 -51308.000000 -47040.000000 -43546.000000
-57920.000000 -54312.000000 -51312.000000 -47040.000000 -43550.000000
-57908.000000 -54296.000000 -51296.000000 -47044.000000 -43546.000000
-57908.000000 -54304.000000 -51294.000000 -47046.000000 -43540.000000
-57916.000000 -54308.000000 -51298.000000 -47050.000000 -43550.000000
-57926.000000 -54320.000000 -51294.000000 -47058.000000 -43556.000000
-57930.000000 -54324.000000 -51290.000000 -47058.000000 -43556.000000
-57926.000000 -54312.000000 -51278.000000 -47054.000000 -43552.000000
-57926.000000 -54304.000000 -51266.000000 -47046.000000 -43540.000000
-57918.000000 -54296.000000 -51262.000000 -47046.000000 -43540.000000
-57924.000000 -54296.000000 -51262.000000 -47046.000000 -43542.000000
-57916.000000 -54290.000000 -51270.000000 -47050.000000 -43542.000000
-57916.000000 -54294.000000 -51274.000000 -47054.000000 -43566.000000
-57916.000000 -54290.000000 -51266.000000 -47050.000000 -43570.000000
-57920.000000 -54302.000000 -51278.000000 -47058.000000 -43570.000000
-57920.000000 -54302.000000 -51286.000000 -47068.000000 -43576.000000
-57916.000000 -54294.000000 -51282.000000 -47060.000000 -43576.000000
-57908.000000 -54286.000000 -51270.000000 -47068.000000 -43576.000000
-57904.000000 -54286.000000 -51266.000000 -47064.000000 -43576.000000
-57904.000000 -54286.000000 -51266.000000 -47068.000000 -43576.000000
-57908.000000 -54290.000000 -51270.000000 -47084.000000 -43588.000000
-57908.000000 -54282.000000 -51262.000000 -47068.000000 -43588.000000
-57904.000000 -54282.000000 -51262.000000 -47068.000000 -43580.000000
